   5.9999999E-10   9.9520242E+05   2.1889900E+22   2.6000000E+01   5.6000000E+01   0.0000000E+00   0.0000000E+00
   6.4010755E-10   1.0617293E+06   2.4230106E+22   2.6000000E+01   5.6000000E+01   0.0000000E+00   0.0000000E+00
   6.8289613E-10   1.1327035E+06   2.6813788E+22   2.6000000E+01   5.6000000E+01   0.0000000E+00   0.0000000E+00
   7.2854496E-10   1.2084222E+06   2.9665582E+22   2.6000000E+01   5.6000000E+01   0.0000000E+00   0.0000000E+00
   7.7724523E-10   1.2892026E+06   3.2812549E+22   2.6000000E+01   5.6000000E+01   0.0000000E+00   0.0000000E+00
   8.2920090E-10   1.3753831E+06   3.6284407E+22   2.6000000E+01   5.6000000E+01   0.0000000E+00   0.0000000E+00
   8.8462961E-10   1.4673247E+06   4.0113785E+22   2.6000000E+01   5.6000000E+01   0.0000000E+00   0.0000000E+00
   9.4376350E-10   1.5654125E+06   4.4336500E+22   2.6000000E+01   5.6000000E+01   0.0000000E+00   0.0000000E+00
   1.0068502E-09   1.6700573E+06   4.8991864E+22   2.6000000E+01   5.6000000E+01   0.0000000E+00   0.0000000E+00
   1.0741541E-09   1.7816977E+06   5.4123010E+22   2.6000000E+01   5.6000000E+01   0.0000000E+00   0.0000000E+00
   1.1459569E-09   1.9008011E+06   5.9777257E+22   2.6000000E+01   5.6000000E+01   0.0000000E+00   0.0000000E+00
   1.2225595E-09   2.0278666E+06   6.6006510E+22   2.6000000E+01   5.6000000E+01   0.0000000E+00   0.0000000E+00
   1.3042826E-09   2.1634263E+06   7.2867685E+22   2.6000000E+01   5.6000000E+01   0.0000000E+00   0.0000000E+00
   1.3914686E-09   2.3080482E+06   8.0423187E+22   2.6000000E+01   5.6000000E+01   0.0000000E+00   0.0000000E+00
   1.4844826E-09   2.4623381E+06   8.8741423E+22   2.6000000E+01   5.6000000E+01   0.0000000E+00   0.0000000E+00
   1.5837142E-09   2.6269423E+06   9.7897366E+22   2.6000000E+01   5.6000000E+01   0.0000000E+00   0.0000000E+00
   1.6895790E-09   2.8025503E+06   1.0797317E+23   2.6000000E+01   5.6000000E+01   0.0000000E+00   0.0000000E+00
   1.8025205E-09   2.9898977E+06   1.1905884E+23   2.6000000E+01   5.6000000E+01   0.0000000E+00   0.0000000E+00
   1.9230117E-09   3.1897695E+06   1.3125297E+23   2.6000000E+01   5.6000000E+01   0.0000000E+00   0.0000000E+00
   2.0515572E-09   3.4030028E+06   1.4466353E+23   2.6000000E+01   5.6000000E+01   0.0000000E+00   0.0000000E+00
   2.1886954E-09   3.6304909E+06   1.5940874E+23   2.6000000E+01   5.6000000E+01   0.0000000E+00   0.0000000E+00
   2.3350008E-09   3.8731869E+06   1.7561805E+23   2.6000000E+01   5.6000000E+01   0.0000000E+00   0.0000000E+00
   2.4910861E-09   4.1321073E+06   1.9343312E+23   2.6000000E+01   5.6000000E+01   0.0000000E+00   0.0000000E+00
   2.6576051E-09   4.4083369E+06   2.1300900E+23   2.6000000E+01   5.6000000E+01   0.0000000E+00   0.0000000E+00
   2.8352551E-09   4.7030329E+06   2.3451535E+23   2.6000000E+01   5.6000000E+01   0.0000000E+00   0.0000000E+00
   3.0247804E-09   5.0174297E+06   2.5813779E+23   2.6000000E+01   5.6000000E+01   0.0000000E+00   0.0000000E+00
   3.2269747E-09   5.3528445E+06   2.8407934E+23   2.6000000E+01   5.6000000E+01   0.0000000E+00   0.0000000E+00
   3.4426848E-09   5.7106825E+06   3.1256204E+23   2.6000000E+01   5.6000000E+01   0.0000000E+00   0.0000000E+00
   3.6728142E-09   6.0924427E+06   3.4382869E+23   2.6000000E+01   5.6000000E+01   0.0000000E+00   0.0000000E+00
   3.9183269E-09   6.4997244E+06   3.7814476E+23   2.6000000E+01   5.6000000E+01   0.0000000E+00   0.0000000E+00
   4.1802511E-09   6.9342340E+06   4.1580043E+23   2.6000000E+01   5.6000000E+01   0.0000000E+00   0.0000000E+00
   4.4596839E-09   7.3977916E+06   4.5711285E+23   2.6000000E+01   5.6000000E+01   0.0000000E+00   0.0000000E+00
   4.7577956E-09   7.8923394E+06   5.0242863E+23   2.6000000E+01   5.6000000E+01   0.0000000E+00   0.0000000E+00
   5.0758349E-09   8.4199493E+06   5.5212646E+23   2.8000000E+01   6.2000000E+01   0.0000000E+00   0.0000000E+00
   5.4151338E-09   8.9828315E+06   6.0662006E+23   2.8000000E+01   6.2000000E+01   0.0000000E+00   0.0000000E+00
   5.7771134E-09   9.5833444E+06   6.6636134E+23   2.8000000E+01   6.2000000E+01   0.0000000E+00   0.0000000E+00
   6.1632899E-09   1.0224004E+07   7.3184384E+23   2.8000000E+01   6.2000000E+01   0.0000000E+00   0.0000000E+00
   6.5752807E-09   1.0907494E+07   8.0360654E+23   2.8000000E+01   6.2000000E+01   0.0000000E+00   0.0000000E+00
   7.0148115E-09   1.1636678E+07   8.8223787E+23   2.8000000E+01   6.2000000E+01   0.0000000E+00   0.0000000E+00
   7.4837231E-09   1.2414611E+07   9.6838026E+23   2.8000000E+01   6.2000000E+01   0.0000000E+00   0.0000000E+00
   7.9839795E-09   1.3244552E+07   1.0627349E+24   2.8000000E+01   6.2000000E+01   0.0000000E+00   0.0000000E+00
   8.5176760E-09   1.4129979E+07   1.1660671E+24   2.8000000E+01   6.2000000E+01   0.0000000E+00   0.0000000E+00
   9.0870480E-09   1.5074601E+07   1.2792120E+24   2.8000000E+01   6.2000000E+01   0.0000000E+00   0.0000000E+00
   9.6944801E-09   1.6082376E+07   1.4030808E+24   2.8000000E+01   6.2000000E+01   0.0000000E+00   0.0000000E+00
   1.0342517E-08   1.7157526E+07   1.5386676E+24   2.8000000E+01   6.2000000E+01   0.0000000E+00   0.0000000E+00
   1.1033872E-08   1.8304556E+07   1.6870567E+24   2.8000000E+01   6.2000000E+01   0.0000000E+00   0.0000000E+00
   1.1771441E-08   1.9528271E+07   1.8494310E+24   2.8000000E+01   6.2000000E+01   0.0000000E+00   0.0000000E+00
   1.2558314E-08   2.0833800E+07   2.0270803E+24   2.8000000E+01   6.2000000E+01   0.0000000E+00   0.0000000E+00
   1.3397786E-08   2.2226612E+07   2.2214109E+24   2.8000000E+01   6.2000000E+01   0.0000000E+00   0.0000000E+00
   1.4293374E-08   2.3712542E+07   2.4339564E+24   2.8000000E+01   6.2000000E+01   0.0000000E+00   0.0000000E+00
   1.5248828E-08   2.5297817E+07   2.6663884E+24   2.8000000E+01   6.2000000E+01   0.0000000E+00   0.0000000E+00
   1.6268150E-08   2.6989079E+07   2.9205293E+24   2.8000000E+01   6.2000000E+01   0.0000000E+00   0.0000000E+00
   1.7355609E-08   2.8793415E+07   3.1983652E+24   2.8000000E+01   6.2000000E+01   0.0000000E+00   0.0000000E+00
   1.8515761E-08   3.0718385E+07   3.5020604E+24   2.8000000E+01   6.2000000E+01   0.0000000E+00   0.0000000E+00
   1.9753464E-08   3.2772054E+07   3.8339736E+24   2.8000000E+01   6.2000000E+01   0.0000000E+00   0.0000000E+00
   2.1073903E-08   3.4963029E+07   4.1966746E+24   2.8000000E+01   6.2000000E+01   0.0000000E+00   0.0000000E+00
   2.2482608E-08   3.7300489E+07   4.5929631E+24   2.8000000E+01   6.2000000E+01   0.0000000E+00   0.0000000E+00
   2.3985478E-08   3.9794229E+07   5.0258889E+24   2.8000000E+01   6.2000000E+01   0.0000000E+00   0.0000000E+00
   2.5588810E-08   4.2454699E+07   5.4987739E+24   2.8000000E+01   6.2000000E+01   0.0000000E+00   0.0000000E+00
   2.7299318E-08   4.5293047E+07   6.0152361E+24   2.8000000E+01   6.2000000E+01   0.0000000E+00   0.0000000E+00
   2.9124166E-08   4.8321167E+07   6.5792157E+24   2.8000000E+01   6.2000000E+01   0.0000000E+00   0.0000000E+00
   3.1070998E-08   5.1551747E+07   7.1950029E+24   2.8000000E+01   6.2000000E+01   0.0000000E+00   0.0000000E+00
   3.3147968E-08   5.4998327E+07   7.8672694E+24   2.8000000E+01   6.2000000E+01   0.0000000E+00   0.0000000E+00
   3.5363774E-08   5.8675348E+07   8.6011010E+24   2.8000000E+01   6.2000000E+01   0.0000000E+00   0.0000000E+00
   3.7727699E-08   6.2598219E+07   9.4020342E+24   2.8000000E+01   6.2000000E+01   0.0000000E+00   0.0000000E+00
   4.0249642E-08   6.6783380E+07   1.0276096E+25   2.8000000E+01   6.2000000E+01   0.0000000E+00   0.0000000E+00
   4.2940166E-08   7.1248370E+07   1.1229845E+25   2.8000000E+01   6.2000000E+01   0.0000000E+00   0.0000000E+00
   4.5810542E-08   7.6011899E+07   1.2270422E+25   2.8000000E+01   6.2000000E+01   0.0000000E+00   0.0000000E+00
   4.8872790E-08   8.1093932E+07   1.3405595E+25   2.8000000E+01   6.2000000E+01   0.0000000E+00   0.0000000E+00
   5.2139737E-08   8.6515765E+07   1.4643819E+25   2.8000000E+01   6.2000000E+01   0.0000000E+00   0.0000000E+00
   5.5625066E-08   9.2300122E+07   1.5994292E+25   2.8000000E+01   6.2000000E+01   0.0000000E+00   0.0000000E+00
   5.9343375E-08   9.8471244E+07   1.7467023E+25   2.8000000E+01   6.2000000E+01   0.0000000E+00   0.0000000E+00
   6.3310238E-08   1.0505499E+08   1.9072900E+25   2.8000000E+01   6.2000000E+01   0.0000000E+00   0.0000000E+00
   6.7542270E-08   1.1207897E+08   2.0823768E+25   2.8000000E+01   6.2000000E+01   0.0000000E+00   0.0000000E+00
   7.2057195E-08   1.1957260E+08   2.2732511E+25   2.8000000E+01   6.2000000E+01   0.0000000E+00   0.0000000E+00
   7.6873926E-08   1.2756730E+08   2.4813143E+25   2.8000000E+01   6.2000000E+01   0.0000000E+00   0.0000000E+00
   8.2012635E-08   1.3609657E+08   2.7080906E+25   2.8000000E+01   6.2000000E+01   0.0000000E+00   0.0000000E+00
   8.7494845E-08   1.4519617E+08   2.9552378E+25   2.8000000E+01   6.2000000E+01   0.0000000E+00   0.0000000E+00
   9.3343519E-08   1.5490423E+08   3.2245584E+25   2.8000000E+01   6.2000000E+01   0.0000000E+00   0.0000000E+00
   9.9583154E-08   1.6526144E+08   3.5180127E+25   2.8000000E+01   6.2000000E+01   0.0000000E+00   0.0000000E+00
   1.0623988E-07   1.7631122E+08   3.8377322E+25   2.8000000E+01   6.2000000E+01   0.0000000E+00   0.0000000E+00
   1.1334159E-07   1.8809989E+08   4.1860344E+25   2.8000000E+01   6.2000000E+01   0.0000000E+00   0.0000000E+00
   1.2091801E-07   2.0067685E+08   4.5654391E+25   2.8000000E+01   6.2000000E+01   0.0000000E+00   0.0000000E+00
   1.2900089E-07   2.1409482E+08   4.9786856E+25   2.8000000E+01   6.2000000E+01   0.0000000E+00   0.0000000E+00
   1.3762407E-07   2.2841006E+08   5.4287519E+25   2.8000000E+01   6.2000000E+01   0.0000000E+00   0.0000000E+00
   1.4682368E-07   2.4368256E+08   5.9188752E+25   2.8000000E+01   6.2000000E+01   0.0000000E+00   0.0000000E+00
   1.5663824E-07   2.5997635E+08   6.4525744E+25   2.8000000E+01   6.2000000E+01   0.0000000E+00   0.0000000E+00
   1.6710887E-07   2.7735973E+08   7.0336745E+25   2.8000000E+01   6.4000000E+01   0.0000000E+00   0.0000000E+00
   1.7827942E-07   2.9590558E+08   7.6663327E+25   2.8000000E+01   6.4000000E+01   0.0000000E+00   0.0000000E+00
   1.9019667E-07   3.1569164E+08   8.3550676E+25   2.8000000E+01   6.4000000E+01   0.0000000E+00   0.0000000E+00
   2.0291055E-07   3.3680085E+08   9.1047897E+25   2.8000000E+01   6.4000000E+01   0.0000000E+00   0.0000000E+00
   2.1647429E-07   3.5932172E+08   9.9208358E+25   2.8000000E+01   6.4000000E+01   0.0000000E+00   0.0000000E+00
   2.3094472E-07   3.8334866E+08   1.0809006E+26   2.8000000E+01   6.4000000E+01   0.0000000E+00   0.0000000E+00
   2.4638243E-07   4.0898240E+08   1.1775602E+26   2.8000000E+01   6.4000000E+01   0.0000000E+00   0.0000000E+00
   2.6285209E-07   4.3633041E+08   1.2827472E+26   2.8000000E+01   6.4000000E+01   0.0000000E+00   0.0000000E+00
   2.8042268E-07   4.6550735E+08   1.3972059E+26   2.8000000E+01   6.4000000E+01   0.0000000E+00   0.0000000E+00
   2.9916780E-07   4.9663555E+08   1.5217448E+26   2.8000000E+01   6.4000000E+01   0.0000000E+00   0.0000000E+00
   3.1916595E-07   5.2984552E+08   1.6572426E+26   2.8000000E+01   6.4000000E+01   0.0000000E+00   0.0000000E+00
   3.4050089E-07   5.6527651E+08   1.8046536E+26   2.8000000E+01   6.4000000E+01   0.0000000E+00   0.0000000E+00
   3.6326199E-07   6.0307707E+08   1.9650152E+26   2.8000000E+01   6.4000000E+01   0.0000000E+00   0.0000000E+00
   3.8754458E-07   6.4340571E+08   2.1394541E+26   2.8000000E+01   6.4000000E+01   0.0000000E+00   0.0000000E+00
   4.1345035E-07   6.8643152E+08   2.3291945E+26   2.8000000E+01   6.4000000E+01   0.0000000E+00   0.0000000E+00
   4.4108783E-07   7.3233491E+08   2.5355663E+26   2.8000000E+01   6.4000000E+01   0.0000000E+00   0.0000000E+00
   4.7057275E-07   7.8130839E+08   2.7600143E+26   2.8000000E+01   6.4000000E+01   0.0000000E+00   0.0000000E+00
   5.0202862E-07   8.3355729E+08   3.0041082E+26   2.8000000E+01   6.4000000E+01   0.0000000E+00   0.0000000E+00
   5.3558719E-07   8.8930074E+08   3.2695529E+26   2.8000000E+01   6.4000000E+01   0.0000000E+00   0.0000000E+00
   5.7138902E-07   9.4877248E+08   3.5582006E+26   2.8000000E+01   6.4000000E+01   0.0000000E+00   0.0000000E+00
   6.0958405E-07   1.0122219E+09   3.8720636E+26   2.8000000E+01   6.4000000E+01   0.0000000E+00   0.0000000E+00
   6.5033226E-07   1.0799151E+09   4.2133273E+26   2.8000000E+01   6.4000000E+01   0.0000000E+00   0.0000000E+00
   6.9380432E-07   1.1521360E+09   4.5843659E+26   2.8000000E+01   6.4000000E+01   0.0000000E+00   0.0000000E+00
   7.4018232E-07   1.2291875E+09   4.9877583E+26   2.8000000E+01   6.4000000E+01   0.0000000E+00   0.0000000E+00
   7.8966049E-07   1.3113927E+09   5.4263057E+26   2.8000000E+01   6.4000000E+01   0.0000000E+00   0.0000000E+00
   8.4244608E-07   1.3990963E+09   5.9030508E+26   2.8000000E+01   6.6000000E+01   0.0000000E+00   0.0000000E+00
   8.9876017E-07   1.4926663E+09   6.4212986E+26   3.6000000E+01   8.6000000E+01   0.0000000E+00   0.0000000E+00
   9.5883863E-07   1.5924951E+09   6.9846389E+26   3.6000000E+01   8.6000000E+01   0.0000000E+00   0.0000000E+00
   1.0229331E-06   1.6990014E+09   7.5969708E+26   3.6000000E+01   8.6000000E+01   0.0000000E+00   0.0000000E+00
   1.0913120E-06   1.8126319E+09   8.2625295E+26   3.6000000E+01   8.6000000E+01   0.0000000E+00   0.0000000E+00
   1.1642618E-06   1.9338632E+09   8.9859147E+26   3.6000000E+01   8.6000000E+01   0.0000000E+00   0.0000000E+00
   1.2420879E-06   2.0632040E+09   9.7721227E+26   3.6000000E+01   8.6000000E+01   0.0000000E+00   0.0000000E+00
   1.3251164E-06   2.2011967E+09   1.0626580E+27   3.6000000E+01   8.6000000E+01   0.0000000E+00   0.0000000E+00
   1.4136951E-06   2.3484202E+09   1.1555180E+27   3.6000000E+01   8.6000000E+01   0.0000000E+00   0.0000000E+00
   1.5081948E-06   2.5054921E+09   1.2564325E+27   3.6000000E+01   8.6000000E+01   0.0000000E+00   0.0000000E+00
   1.6090115E-06   2.6730713E+09   1.3660967E+27   3.6000000E+01   8.6000000E+01   0.0000000E+00   0.0000000E+00
   1.7165674E-06   2.8518608E+09   1.4852657E+27   3.6000000E+01   8.6000000E+01   0.0000000E+00   0.0000000E+00
   1.8313129E-06   3.0426108E+09   1.6147596E+27   3.6000000E+01   8.6000000E+01   0.0000000E+00   0.0000000E+00
   1.9537288E-06   3.2461216E+09   1.7554691E+27   3.4000000E+01   8.4000000E+01   0.0000000E+00   0.0000000E+00
   2.0843276E-06   3.4632468E+09   1.9083616E+27   3.4000000E+01   8.4000000E+01   0.0000000E+00   0.0000000E+00
   2.2236564E-06   3.6948976E+09   2.0744878E+27   3.4000000E+01   8.4000000E+01   0.0000000E+00   0.0000000E+00
   2.3722988E-06   3.9420459E+09   2.2549886E+27   3.4000000E+01   8.4000000E+01   0.0000000E+00   0.0000000E+00
   2.5308773E-06   4.2057287E+09   2.4511032E+27   3.4000000E+01   8.4000000E+01   0.0000000E+00   0.0000000E+00
   2.7000561E-06   4.4870525E+09   2.6641774E+27   3.4000000E+01   8.4000000E+01   0.0000000E+00   0.0000000E+00
   2.8805439E-06   4.7871977E+09   2.8956728E+27   3.4000000E+01   8.4000000E+01   0.0000000E+00   0.0000000E+00
   3.0730965E-06   5.1074239E+09   3.1471765E+27   3.4000000E+01   8.4000000E+01   0.0000000E+00   0.0000000E+00
   3.2785205E-06   5.4490749E+09   3.4204121E+27   3.4000000E+01   8.4000000E+01   0.0000000E+00   0.0000000E+00
   3.4976762E-06   5.8135846E+09   3.7172515E+27   3.4000000E+01   8.4000000E+01   0.0000000E+00   0.0000000E+00
   3.7314816E-06   6.2024826E+09   4.0397273E+27   3.4000000E+01   8.4000000E+01   0.0000000E+00   0.0000000E+00
   3.9809160E-06   6.6174012E+09   4.3900466E+27   3.4000000E+01   8.4000000E+01   0.0000000E+00   0.0000000E+00
   4.2470240E-06   7.0600818E+09   4.7706061E+27   3.4000000E+01   8.4000000E+01   0.0000000E+00   0.0000000E+00
   4.5309203E-06   7.5323826E+09   5.1840082E+27   3.4000000E+01   8.4000000E+01   0.0000000E+00   0.0000000E+00
   4.8337939E-06   8.0362861E+09   5.6330785E+27   3.4000000E+01   8.4000000E+01   0.0000000E+00   0.0000000E+00
   5.1569133E-06   8.5739075E+09   6.1208848E+27   3.4000000E+01   8.4000000E+01   0.0000000E+00   0.0000000E+00
   5.5016320E-06   9.1475036E+09   6.6507578E+27   3.4000000E+01   8.4000000E+01   0.0000000E+00   0.0000000E+00
   5.8693937E-06   9.7594826E+09   7.2263133E+27   3.4000000E+01   8.4000000E+01   0.0000000E+00   0.0000000E+00
   6.2617387E-06   1.0412414E+10   7.8514765E+27   3.4000000E+01   8.4000000E+01   0.0000000E+00   0.0000000E+00
   6.6803105E-06   1.1109038E+10   8.5305078E+27   3.4000000E+01   8.4000000E+01   0.0000000E+00   0.0000000E+00
   7.1268620E-06   1.1852281E+10   9.2680318E+27   3.2000000E+01   8.2000000E+01   0.0000000E+00   0.0000000E+00
   7.6032637E-06   1.2645263E+10   1.0069067E+28   3.2000000E+01   8.2000000E+01   0.0000000E+00   0.0000000E+00
   8.1115110E-06   1.3491314E+10   1.0939060E+28   3.2000000E+01   8.2000000E+01   0.0000000E+00   0.0000000E+00
   8.6537324E-06   1.4393987E+10   1.1883919E+28   3.2000000E+01   8.2000000E+01   0.0000000E+00   0.0000000E+00
   9.2321992E-06   1.5357073E+10   1.2910055E+28   3.2000000E+01   8.2000000E+01   0.0000000E+00   0.0000000E+00
   9.8493342E-06   1.6384617E+10   1.4024424E+28   3.2000000E+01   8.2000000E+01   0.0000000E+00   0.0000000E+00
   1.0507722E-05   1.7480934E+10   1.5234566E+28   3.2000000E+01   8.2000000E+01   0.0000000E+00   0.0000000E+00
   1.1210120E-05   1.8650631E+10   1.6548660E+28   3.2000000E+01   8.2000000E+01   0.0000000E+00   0.0000000E+00
   1.1959471E-05   1.9898619E+10   1.7975572E+28   3.2000000E+01   8.2000000E+01   0.0000000E+00   0.0000000E+00
   1.2758913E-05   2.1230142E+10   1.9524913E+28   3.2000000E+01   8.2000000E+01   0.0000000E+00   0.0000000E+00
   1.3611795E-05   2.2650795E+10   2.1207096E+28   3.2000000E+01   8.2000000E+01   0.0000000E+00   0.0000000E+00
   1.4521688E-05   2.4166545E+10   2.3033402E+28   3.2000000E+01   8.2000000E+01   0.0000000E+00   0.0000000E+00
   1.5492404E-05   2.5783761E+10   2.5016047E+28   3.2000000E+01   8.2000000E+01   0.0000000E+00   0.0000000E+00
   1.6528008E-05   2.7509240E+10   2.7168256E+28   3.2000000E+01   8.2000000E+01   0.0000000E+00   0.0000000E+00
   1.7632838E-05   2.9350232E+10   2.9504340E+28   3.0000000E+01   8.0000000E+01   0.0000000E+00   0.0000000E+00
   1.8811521E-05   3.1314473E+10   3.2039779E+28   3.0000000E+01   8.0000000E+01   0.0000000E+00   0.0000000E+00
   2.0068995E-05   3.3410220E+10   3.4791306E+28   3.0000000E+01   8.0000000E+01   0.0000000E+00   0.0000000E+00
   2.1410525E-05   3.5646281E+10   3.7777003E+28   3.0000000E+01   8.0000000E+01   0.0000000E+00   0.0000000E+00
   2.2841732E-05   3.8032053E+10   4.1016397E+28   3.0000000E+01   8.0000000E+01   0.0000000E+00   0.0000000E+00
   2.4368608E-05   4.0577567E+10   4.4530557E+28   3.0000000E+01   8.0000000E+01   0.0000000E+00   0.0000000E+00
   2.5997551E-05   4.3293523E+10   4.8342204E+28   3.0000000E+01   8.0000000E+01   0.0000000E+00   0.0000000E+00
   2.7735381E-05   4.6191338E+10   5.2475818E+28   3.0000000E+01   8.0000000E+01   0.0000000E+00   0.0000000E+00
   2.9589378E-05   4.9283195E+10   5.6957750E+28   3.0000000E+01   8.0000000E+01   0.0000000E+00   0.0000000E+00
   3.1567308E-05   5.2582093E+10   6.1816337E+28   3.0000000E+01   8.0000000E+01   0.0000000E+00   0.0000000E+00
   3.3677454E-05   5.6101903E+10   6.7082016E+28   2.8000000E+01   7.8000000E+01   0.0000000E+00   0.0000000E+00
   3.5928655E-05   5.9857424E+10   7.2787446E+28   2.8000000E+01   7.8000000E+01   0.0000000E+00   0.0000000E+00
   3.8330339E-05   6.3864446E+10   7.8967618E+28   2.8000000E+01   7.8000000E+01   0.0000000E+00   0.0000000E+00
   4.0892566E-05   6.8139820E+10   8.5659970E+28   2.8000000E+01   7.8000000E+01   0.0000000E+00   0.0000000E+00
   4.3626068E-05   7.2701521E+10   9.2904498E+28   2.8000000E+01   7.8000000E+01   0.0000000E+00   0.0000000E+00
   4.6542293E-05   7.7568733E+10   1.0074386E+29   2.8000000E+01   7.8000000E+01   0.0000000E+00   0.0000000E+00
   4.9653455E-05   8.2761921E+10   1.0922348E+29   2.8000000E+01   7.8000000E+01   0.0000000E+00   0.0000000E+00
   5.2972587E-05   8.8302923E+10   1.1839162E+29   2.8000000E+01   7.8000000E+01   0.0000000E+00   0.0000000E+00
   5.6513588E-05   9.4215038E+10   1.2829950E+29   2.8000000E+01   7.8000000E+01   0.0000000E+00   0.0000000E+00
   6.0291292E-05   1.0052313E+11   1.3900135E+29   2.8000000E+01   7.8000000E+01   0.0000000E+00   0.0000000E+00
   6.4321519E-05   1.0725371E+11   1.5055453E+29   2.8000000E+01   7.8000000E+01   0.0000000E+00   0.0000000E+00
   6.8621151E-05   1.1443510E+11   1.6301958E+29   2.8000000E+01   7.8000000E+01   0.0000000E+00   0.0000000E+00
   7.3208195E-05   1.2209747E+11   1.7646042E+29   2.8000000E+01   7.8000000E+01   0.0000000E+00   0.0000000E+00
   7.8101865E-05   1.3027306E+11   1.9094451E+29   4.4000000E+01   1.2600000E+02   0.0000000E+00   0.0000000E+00
   8.3322657E-05   1.3899623E+11   2.0654316E+29   4.2000000E+01   1.2400000E+02   0.0000000E+00   0.0000000E+00
   8.8892437E-05   1.4830365E+11   2.2333203E+29   4.2000000E+01   1.2400000E+02   0.0000000E+00   0.0000000E+00
   9.4834535E-05   1.5823445E+11   2.4139194E+29   4.2000000E+01   1.2400000E+02   0.0000000E+00   0.0000000E+00
   1.0117384E-04   1.6883038E+11   2.6081006E+29   4.2000000E+01   1.2400000E+02   0.0000000E+00   0.0000000E+00
   1.0793690E-04   1.8013598E+11   2.8168189E+29   4.2000000E+01   1.2400000E+02   0.0000000E+00   0.0000000E+00
   1.1515204E-04   1.9219877E+11   3.0411416E+29   4.2000000E+01   1.2400000E+02   0.0000000E+00   0.0000000E+00
   1.2284948E-04   2.0506944E+11   3.2822928E+29   4.2000000E+01   1.2400000E+02   0.0000000E+00   0.0000000E+00
   1.3106147E-04   2.1880210E+11   3.5417177E+29   4.0000000E+01   1.2200000E+02   0.0000000E+00   0.0000000E+00
   1.3982240E-04   2.3345445E+11   3.8211732E+29   4.0000000E+01   1.2200000E+02   0.0000000E+00   0.0000000E+00
   1.4916896E-04   2.4908807E+11   4.1228493E+29   4.0000000E+01   1.2200000E+02   0.0000000E+00   0.0000000E+00
   1.5914029E-04   2.6576864E+11   4.4495096E+29   4.0000000E+01   1.2200000E+02   0.0000000E+00   0.0000000E+00
   1.6977817E-04   2.8356628E+11   4.8046100E+29   3.9000000E+01   1.2100000E+02   0.0000000E+00   0.0000000E+00
   1.8112715E-04   3.0255574E+11   5.1922606E+29   3.8000000E+01   1.2000000E+02   0.0000000E+00   0.0000000E+00
   1.9323477E-04   3.2281682E+11   5.6167082E+29   3.8000000E+01   1.2000000E+02   0.0000000E+00   0.0000000E+00
   2.0615172E-04   3.4443463E+11   6.0806986E+29   3.8000000E+01   1.2000000E+02   0.0000000E+00   0.0000000E+00
   2.1993213E-04   3.6750001E+11   6.5818493E+29   3.8000000E+01   1.2200000E+02   0.0000000E+00   0.0000000E+00
   2.3463369E-04   3.9210984E+11   7.1070055E+29   3.8000000E+01   1.2200000E+02   0.0000000E+00   0.0000000E+00
   2.5031810E-04   4.1836768E+11   7.6282090E+29   5.0000000E+01   1.6248917E+02   2.3879552E-07   0.0000000E+00
   2.5772763E-04   4.3077318E+11   7.8519459E+29   4.9999926E+01   1.6295952E+02   1.7316611E-02   0.0000000E+00
   2.6535649E-04   4.4354649E+11   8.0641836E+29   4.9999895E+01   1.6341462E+02   3.4389409E-02   0.0000000E+00
   2.7321116E-04   4.5669850E+11   8.2627551E+29   4.9999870E+01   1.6385486E+02   5.1216731E-02   0.0000000E+00
   2.8129833E-04   4.7024044E+11   8.4467454E+29   4.9999849E+01   1.6428069E+02   6.7796738E-02   0.0000000E+00
   2.8962489E-04   4.8418388E+11   8.6165876E+29   4.9999830E+01   1.6469257E+02   8.4127837E-02   0.0000000E+00
   2.9819792E-04   4.9854071E+11   8.7739012E+29   4.9999812E+01   1.6509097E+02   1.0020868E-01   0.0000000E+00
   3.0702471E-04   5.1332318E+11   8.9211407E+29   4.9999796E+01   1.6547636E+02   1.1603817E-01   0.0000000E+00
   3.1611279E-04   5.2854391E+11   9.0611711E+29   4.9999780E+01   1.6584925E+02   1.3161545E-01   0.0000000E+00
   3.2546987E-04   5.4421589E+11   9.1968815E+29   4.9999765E+01   1.6621013E+02   1.4693990E-01   0.0000000E+00
   3.3510392E-04   5.6035249E+11   9.3309062E+29   4.9999750E+01   1.6655952E+02   1.6201111E-01   0.0000000E+00
   3.4502315E-04   5.7696749E+11   9.4654693E+29   4.9999736E+01   1.6689793E+02   1.7682891E-01   0.0000000E+00
   3.5523600E-04   5.9407506E+11   9.6023364E+29   4.9999722E+01   1.6722588E+02   1.9139334E-01   0.0000000E+00
   3.6575114E-04   6.1168981E+11   9.7428400E+29   4.9999708E+01   1.6754391E+02   2.0570464E-01   0.0000000E+00
   3.7657754E-04   6.2982677E+11   9.8879440E+29   4.9999695E+01   1.6785255E+02   2.1976326E-01   0.0000000E+00
   3.8772441E-04   6.4850142E+11   1.0038323E+30   4.9999682E+01   1.6815235E+02   2.3356983E-01   0.0000000E+00
   3.9920123E-04   6.6772969E+11   1.0194440E+30   4.9999668E+01   1.6844383E+02   2.4712518E-01   0.0000000E+00
   4.1101777E-04   6.8752800E+11   1.0356615E+30   4.9999655E+01   1.6872754E+02   2.6043029E-01   0.0000000E+00
   4.2318408E-04   7.0791323E+11   1.0525078E+30   4.9999643E+01   1.6900404E+02   2.7348634E-01   0.0000000E+00
   4.3571052E-04   7.2890280E+11   1.0700012E+30   4.9999630E+01   1.6927385E+02   2.8629464E-01   0.0000000E+00
   4.4860775E-04   7.5051461E+11   1.0881588E+30   4.9999617E+01   1.6953754E+02   2.9885668E-01   0.0000000E+00
   4.6188675E-04   7.7276710E+11   1.1069980E+30   4.9999604E+01   1.6979563E+02   3.1117408E-01   0.0000000E+00
   4.7555880E-04   7.9567927E+11   1.1265387E+30   4.9999592E+01   1.7004868E+02   3.2324860E-01   0.0000000E+00
   4.8963556E-04   8.1927067E+11   1.1468041E+30   4.9999579E+01   1.7029722E+02   3.3508212E-01   0.0000000E+00
   5.0412900E-04   8.4356144E+11   1.1678211E+30   4.9999566E+01   1.7054178E+02   3.4667666E-01   0.0000000E+00
   5.1905144E-04   8.6857230E+11   1.1896209E+30   4.9999553E+01   1.7078291E+02   3.5803434E-01   0.0000000E+00
   5.3441560E-04   8.9432461E+11   1.2122388E+30   4.9999541E+01   1.7102112E+02   3.6915740E-01   0.0000000E+00
   5.5023455E-04   9.2084033E+11   1.2357146E+30   4.9999528E+01   1.7125693E+02   3.8004816E-01   0.0000000E+00
   5.6652174E-04   9.4814211E+11   1.2600922E+30   4.9999515E+01   1.7149087E+02   3.9070906E-01   0.0000000E+00
   5.8329104E-04   9.7625323E+11   1.2854193E+30   4.9999502E+01   1.7172344E+02   4.0114260E-01   0.0000000E+00
   6.0055672E-04   1.0051977E+12   1.3117476E+30   4.9999489E+01   1.7195515E+02   4.1135137E-01   0.0000000E+00
   6.1833348E-04   1.0350002E+12   1.3391319E+30   4.9999476E+01   1.7218649E+02   4.2133803E-01   0.0000000E+00
   6.3663643E-04   1.0656862E+12   1.3676306E+30   4.9999463E+01   1.7241795E+02   4.3110530E-01   0.0000000E+00
   6.5548116E-04   1.0972819E+12   1.3973047E+30   4.9999450E+01   1.7265000E+02   4.4065598E-01   0.0000000E+00
   6.7488370E-04   1.1298142E+12   1.4282179E+30   4.9999437E+01   1.7288312E+02   4.4999290E-01   0.0000000E+00
   6.9486056E-04   1.1633109E+12   1.4604364E+30   4.9999423E+01   1.7311777E+02   4.5911895E-01   0.0000000E+00
   7.1542875E-04   1.1978006E+12   1.4940283E+30   4.9999410E+01   1.7335439E+02   4.6803705E-01   0.0000000E+00
   7.3660577E-04   1.2333128E+12   1.5290638E+30   4.9999396E+01   1.7359344E+02   4.7675017E-01   0.0000000E+00
   7.5840963E-04   1.2698777E+12   1.5656147E+30   4.9999383E+01   1.7383534E+02   4.8526130E-01   0.0000000E+00
   7.8085890E-04   1.3075265E+12   1.6037546E+30   4.9999369E+01   1.7408051E+02   4.9357346E-01   0.0000000E+00
   8.0397268E-04   1.3462915E+12   1.6435585E+30   4.9999355E+01   1.7432936E+02   5.0168970E-01   0.0000000E+00
   8.2777064E-04   1.3862056E+12   1.6851027E+30   4.9999341E+01   1.7458229E+02   5.0961306E-01   0.0000000E+00
   8.5227303E-04   1.4273030E+12   1.7284652E+30   4.9999327E+01   1.7483969E+02   5.1734662E-01   0.0000000E+00
   8.7750070E-04   1.4696187E+12   1.7737254E+30   4.9999312E+01   1.7510193E+02   5.2489345E-01   0.0000000E+00
   9.0347512E-04   1.5131888E+12   1.8209642E+30   4.9999298E+01   1.7536938E+02   5.3225663E-01   0.0000000E+00
   9.3021839E-04   1.5580506E+12   1.8702644E+30   4.9999283E+01   1.7564239E+02   5.3943925E-01   0.0000000E+00
   9.5775328E-04   1.6042423E+12   1.9217106E+30   4.9999268E+01   1.7592130E+02   5.4644436E-01   0.0000000E+00
   9.8610322E-04   1.6518034E+12   1.9753896E+30   4.9999253E+01   1.7620643E+02   5.5327505E-01   0.0000000E+00
   1.0152923E-03   1.7007745E+12   2.0313909E+30   4.9999238E+01   1.7649811E+02   5.5993435E-01   0.0000000E+00
   1.0453454E-03   1.7511973E+12   2.0898066E+30   4.9999223E+01   1.7679664E+02   5.6642532E-01   0.0000000E+00
   1.0762881E-03   1.8031150E+12   2.1507322E+30   4.9999207E+01   1.7710231E+02   5.7275098E-01   0.0000000E+00
   1.1081468E-03   1.8565718E+12   2.2142667E+30   4.9999192E+01   1.7741540E+02   5.7891432E-01   0.0000000E+00
   1.1409484E-03   1.9116133E+12   2.2805132E+30   4.9999176E+01   1.7773618E+02   5.8491834E-01   0.0000000E+00
   1.1747210E-03   1.9682866E+12   2.3495792E+30   4.9999159E+01   1.7806491E+02   5.9076598E-01   0.0000000E+00
   1.2094933E-03   2.0266401E+12   2.4215775E+30   4.9999143E+01   1.7840182E+02   5.9646017E-01   0.0000000E+00
   1.2452948E-03   2.0867235E+12   2.4966259E+30   4.9999127E+01   1.7874716E+02   6.0200381E-01   0.0000000E+00
   1.2821561E-03   2.1485882E+12   2.5748486E+30   4.9999110E+01   1.7910115E+02   6.0739977E-01   0.0000000E+00
   1.3201085E-03   2.2122869E+12   2.6563758E+30   4.9999093E+01   1.7946399E+02   6.1265088E-01   0.0000000E+00
   1.3591843E-03   2.2778741E+12   2.7413448E+30   4.9999075E+01   1.7983589E+02   6.1775995E-01   0.0000000E+00
   1.3994168E-03   2.3454058E+12   2.8299001E+30   4.9999058E+01   1.8021703E+02   6.2272972E-01   0.0000000E+00
   1.4408402E-03   2.4149396E+12   2.9221939E+30   4.9999040E+01   1.8060760E+02   6.2756293E-01   0.0000000E+00
   1.4834897E-03   2.4865349E+12   3.0183867E+30   4.9999022E+01   1.8100775E+02   6.3226227E-01   0.0000000E+00
   1.5274017E-03   2.5602528E+12   3.1186474E+30   4.9999004E+01   1.8141766E+02   6.3683036E-01   0.0000000E+00
   1.5726135E-03   2.6361562E+12   3.2231537E+30   4.9998985E+01   1.8183747E+02   6.4126983E-01   0.0000000E+00
   1.6191635E-03   2.7143100E+12   3.3320926E+30   4.9998967E+01   1.8226732E+02   6.4558322E-01   0.0000000E+00
   1.6670915E-03   2.7947809E+12   3.4456608E+30   4.9998948E+01   1.8270735E+02   6.4977306E-01   0.0000000E+00
   1.7164382E-03   2.8776377E+12   3.5640646E+30   4.9998928E+01   1.8315767E+02   6.5384181E-01   0.0000000E+00
   1.7672455E-03   2.9629510E+12   3.6875206E+30   4.9998908E+01   1.8361842E+02   6.5779191E-01   0.0000000E+00
   1.8195568E-03   3.0507937E+12   3.8162555E+30   4.9998888E+01   1.8408968E+02   6.6162574E-01   0.0000000E+00
   1.8734165E-03   3.1412409E+12   3.9505069E+30   4.9998868E+01   1.8457159E+02   6.6534563E-01   0.0000000E+00
   1.9288705E-03   3.2343697E+12   4.0905232E+30   4.9998847E+01   1.8506422E+02   6.6895388E-01   0.0000000E+00
   1.9859660E-03   3.3302598E+12   4.2365636E+30   4.9998826E+01   1.8556768E+02   6.7245272E-01   0.0000000E+00
   2.0447514E-03   3.4289930E+12   4.3888990E+30   4.9998805E+01   1.8608205E+02   6.7584436E-01   0.0000000E+00
   2.1052770E-03   3.5306535E+12   4.5478114E+30   4.9998783E+01   1.8660743E+02   6.7913094E-01   0.0000000E+00
   2.1675942E-03   3.6353283E+12   4.7135948E+30   4.9998761E+01   1.8714389E+02   6.8231457E-01   0.0000000E+00
   2.2317560E-03   3.7431068E+12   4.8865549E+30   4.9998739E+01   1.8769153E+02   6.8539729E-01   0.0000000E+00
   2.2978169E-03   3.8540809E+12   5.0670094E+30   4.9998716E+01   1.8825040E+02   6.8838113E-01   0.0000000E+00
   2.3658334E-03   3.9683456E+12   5.2552886E+30   4.9998693E+01   1.8882061E+02   6.9126803E-01   0.0000000E+00
   2.4358631E-03   4.0859982E+12   5.4517350E+30   4.9998669E+01   1.8940222E+02   6.9405992E-01   0.0000000E+00
   2.5079658E-03   4.2071395E+12   5.6567040E+30   4.9998645E+01   1.8999532E+02   6.9675865E-01   0.0000000E+00
   2.5822027E-03   4.3318728E+12   5.8705638E+30   4.9998620E+01   1.9059999E+02   6.9936605E-01   0.0000000E+00
   2.6586371E-03   4.4603047E+12   6.0936956E+30   4.9998596E+01   1.9121631E+02   7.0188390E-01   0.0000000E+00
   2.7373339E-03   4.5925448E+12   6.3264941E+30   4.9998570E+01   1.9184439E+02   7.0431390E-01   0.0000000E+00
   2.8183603E-03   4.7287063E+12   6.5693674E+30   4.9998544E+01   1.9248430E+02   7.0665776E-01   0.0000000E+00
   2.9017850E-03   4.8689053E+12   6.8227375E+30   4.9998518E+01   1.9313615E+02   7.0891710E-01   0.0000000E+00
   2.9876792E-03   5.0132616E+12   7.0870403E+30   4.9998491E+01   1.9380004E+02   7.1109352E-01   0.0000000E+00
   3.0761159E-03   5.1618986E+12   7.3627258E+30   4.9998463E+01   1.9447608E+02   7.1318855E-01   0.0000000E+00
   3.1671703E-03   5.3149433E+12   7.6502583E+30   4.9998435E+01   1.9516441E+02   7.1520371E-01   0.0000000E+00
   3.2609200E-03   5.4725264E+12   7.9501170E+30   4.9998407E+01   1.9586513E+02   7.1714044E-01   0.0000000E+00
   3.3574447E-03   5.6347825E+12   8.2627957E+30   4.9998378E+01   1.9657840E+02   7.1900017E-01   0.0000000E+00
   3.4568266E-03   5.8018503E+12   8.5888031E+30   4.9998348E+01   1.9730437E+02   7.2078426E-01   0.0000000E+00
   3.5591502E-03   5.9738725E+12   8.9286632E+30   4.9998318E+01   1.9804318E+02   7.2249405E-01   0.0000000E+00
   3.6645027E-03   6.1509961E+12   9.2829155E+30   4.9998287E+01   1.9879502E+02   7.2413083E-01   0.0000000E+00
   3.7729736E-03   6.3333725E+12   9.6521148E+30   4.9998255E+01   1.9956008E+02   7.2569584E-01   0.0000000E+00
   3.8846554E-03   6.5211575E+12   1.0036832E+31   4.9998223E+01   2.0033854E+02   7.2719030E-01   0.0000000E+00
   3.9996429E-03   6.7145116E+12   1.0437653E+31   4.9998190E+01   2.0113063E+02   7.2861537E-01   0.0000000E+00
   4.1180342E-03   6.9135999E+12   1.0855180E+31   4.9998157E+01   2.0193658E+02   7.2997219E-01   0.0000000E+00
   4.2399299E-03   7.1185927E+12   1.1290032E+31   4.9998122E+01   2.0275662E+02   7.3126185E-01   0.0000000E+00
   4.3654337E-03   7.3296652E+12   1.1742844E+31   4.9998087E+01   2.0359103E+02   7.3248541E-01   0.0000000E+00
   4.4946526E-03   7.5469977E+12   1.2214266E+31   4.9998051E+01   2.0444008E+02   7.3364389E-01   0.0000000E+00
   4.6276963E-03   7.7707760E+12   1.2704966E+31   4.9998014E+01   2.0530408E+02   7.3473828E-01   0.0000000E+00
   4.7646782E-03   8.0011914E+12   1.3215627E+31   4.9997977E+01   2.0618333E+02   7.3576954E-01   0.0000000E+00
   4.9057149E-03   8.2384407E+12   1.3746948E+31   4.9997938E+01   2.0707817E+02   7.3673858E-01   0.0000000E+00
   5.0509263E-03   8.4827269E+12   1.4299646E+31   4.9997899E+01   2.0798896E+02   7.3764630E-01   0.0000000E+00
   5.2004360E-03   8.7342587E+12   1.4874452E+31   4.9997858E+01   2.0891607E+02   7.3849355E-01   0.0000000E+00
   5.3543713E-03   8.9932512E+12   1.5472115E+31   4.9997817E+01   2.0985990E+02   7.3928117E-01   0.0000000E+00
   5.5128631E-03   9.2599257E+12   1.6093400E+31   4.9997775E+01   2.1082087E+02   7.4000995E-01   0.0000000E+00
   5.6760463E-03   9.5345102E+12   1.6739084E+31   4.9997731E+01   2.1179941E+02   7.4068068E-01   0.0000000E+00
   5.8440599E-03   9.8172396E+12   1.7409965E+31   4.9997687E+01   2.1279598E+02   7.4129409E-01   0.0000000E+00
   6.0170467E-03   1.0108356E+13   1.8106853E+31   4.9997641E+01   2.1381107E+02   7.4185092E-01   0.0000000E+00
   6.1951541E-03   1.0408107E+13   1.8830573E+31   4.9997594E+01   2.1484517E+02   7.4235186E-01   0.0000000E+00
   6.3785334E-03   1.0716750E+13   1.9581965E+31   4.9997546E+01   2.1589882E+02   7.4279760E-01   0.0000000E+00
   6.5673409E-03   1.1034549E+13   2.0361884E+31   4.9997496E+01   2.1697256E+02   7.4318879E-01   0.0000000E+00
   6.7617372E-03   1.1361775E+13   2.1171199E+31   4.9997445E+01   2.1806695E+02   7.4352609E-01   0.0000000E+00
   6.9618877E-03   1.1698709E+13   2.2010791E+31   4.9997393E+01   2.1918260E+02   7.4381010E-01   0.0000000E+00
   7.1679628E-03   1.2045638E+13   2.2881554E+31   4.9997339E+01   2.2032011E+02   7.4404145E-01   0.0000000E+00
   7.3801377E-03   1.2402859E+13   2.3784396E+31   4.9997284E+01   2.2148011E+02   7.4422073E-01   0.0000000E+00
   7.5985932E-03   1.2770678E+13   2.4720236E+31   4.9997227E+01   2.2266327E+02   7.4434854E-01   0.0000000E+00
   7.8235150E-03   1.3149410E+13   2.5690002E+31   4.9997168E+01   2.2387025E+02   7.4442543E-01   0.0000000E+00
   8.0550946E-03   1.3539377E+13   2.6694636E+31   4.9997108E+01   2.2510176E+02   7.4445200E-01   0.0000000E+00
   8.2935291E-03   1.3940915E+13   2.7735087E+31   4.9997045E+01   2.2635850E+02   7.4442879E-01   0.0000000E+00
   8.5390213E-03   1.4354366E+13   2.8812313E+31   4.9996981E+01   2.2764123E+02   7.4435639E-01   0.0000000E+00
   8.7917802E-03   1.4780084E+13   2.9927283E+31   4.9996915E+01   2.2895069E+02   7.4423536E-01   0.0000000E+00
   9.0520209E-03   1.5218433E+13   3.1080969E+31   4.9996846E+01   2.3028764E+02   7.4406625E-01   0.0000000E+00
   9.3199649E-03   1.5669789E+13   3.2274354E+31   4.9996775E+01   2.3165289E+02   7.4384966E-01   0.0000000E+00
   9.5958401E-03   1.6134537E+13   3.3508423E+31   4.9996702E+01   2.3304724E+02   7.4358616E-01   0.0000000E+00
   9.8798813E-03   1.6613076E+13   3.4784167E+31   4.9996626E+01   2.3447150E+02   7.4327635E-01   0.0000000E+00
   1.0172330E-02   1.7105815E+13   3.6102584E+31   4.9996548E+01   2.3592650E+02   7.4292084E-01   0.0000000E+00
   1.0473436E-02   1.7613175E+13   3.7464670E+31   4.9996466E+01   2.3741309E+02   7.4252027E-01   0.0000000E+00
   1.0783454E-02   1.8135591E+13   3.8871428E+31   4.9996382E+01   2.3893212E+02   7.4207528E-01   0.0000000E+00
   1.1102650E-02   1.8673510E+13   4.0323859E+31   4.9996294E+01   2.4048446E+02   7.4158656E-01   0.0000000E+00
   1.1431293E-02   1.9227392E+13   4.1822968E+31   4.9996203E+01   2.4207096E+02   7.4105481E-01   0.0000000E+00
   1.1769664E-02   1.9797712E+13   4.3369758E+31   4.9996109E+01   2.4369251E+02   7.4048079E-01   0.0000000E+00
   1.2118052E-02   2.0384957E+13   4.4965233E+31   4.9996010E+01   2.4534997E+02   7.3986529E-01   0.0000000E+00
   1.2476752E-02   2.0989631E+13   4.6610396E+31   4.9995908E+01   2.4704421E+02   7.3920913E-01   0.0000000E+00
   1.2846069E-02   2.1612251E+13   4.8306249E+31   4.9995801E+01   2.4877611E+02   7.3851319E-01   0.0000000E+00
   1.3226319E-02   2.2253350E+13   5.0053793E+31   4.9995689E+01   2.5054651E+02   7.3777842E-01   0.0000000E+00
   1.3617824E-02   2.2913477E+13   5.1854028E+31   4.9995572E+01   2.5235628E+02   7.3700580E-01   0.0000000E+00
   1.4020918E-02   2.3593198E+13   5.3707952E+31   5.7995448E+01   2.9487996E+02   7.3619576E-01   0.0000000E+00
   1.4435943E-02   2.4293094E+13   5.5616566E+31   5.7995320E+01   2.9707349E+02   7.3535072E-01   0.0000000E+00
   1.4863254E-02   2.5013765E+13   5.7580869E+31   5.7995186E+01   2.9931549E+02   7.3447125E-01   0.0000000E+00
   1.5303213E-02   2.5755829E+13   5.9601864E+31   5.7995045E+01   3.0160685E+02   7.3355867E-01   0.0000000E+00
   1.5756195E-02   2.6519920E+13   6.1680554E+31   5.7994897E+01   3.0394839E+02   7.3261437E-01   0.0000000E+00
   1.6222585E-02   2.7306692E+13   6.3817952E+31   5.7994741E+01   3.0634090E+02   7.3163986E-01   0.0000000E+00
   1.6702781E-02   2.8116822E+13   6.6015078E+31   5.7994576E+01   3.0878510E+02   7.3063676E-01   0.0000000E+00
   1.7197191E-02   2.8951001E+13   6.8272961E+31   5.7994402E+01   3.1128163E+02   7.2960679E-01   0.0000000E+00
   1.7706236E-02   2.9809944E+13   7.0592648E+31   5.7994219E+01   3.1383107E+02   7.2855181E-01   0.0000000E+00
   1.8230349E-02   3.0694388E+13   7.2975205E+31   5.7994024E+01   3.1643388E+02   7.2747384E-01   0.0000000E+00
   1.8769975E-02   3.1605091E+13   7.5421722E+31   5.7993817E+01   3.1909044E+02   7.2637501E-01   0.0000000E+00
   1.9325575E-02   3.2542832E+13   7.7933321E+31   5.7993597E+01   3.2180099E+02   7.2525765E-01   0.0000000E+00
   1.9897621E-02   3.3508415E+13   8.0511161E+31   5.7993362E+01   3.2456562E+02   7.2412422E-01   0.0000000E+00
   2.0486599E-02   3.4502667E+13   8.3156447E+31   5.7993111E+01   3.2738426E+02   7.2297740E-01   0.0000000E+00
   2.1093012E-02   3.5526441E+13   8.5870440E+31   5.7992843E+01   3.3025668E+02   7.2182005E-01   0.0000000E+00
   2.1717375E-02   3.6580613E+13   8.8654465E+31   5.7992555E+01   3.3318241E+02   7.2065523E-01   0.0000000E+00
   2.2360219E-02   3.7666088E+13   9.1509924E+31   5.7992245E+01   3.3616076E+02   7.1948623E-01   0.0000000E+00
   2.3022092E-02   3.8783794E+13   9.4438309E+31   5.7991911E+01   3.3919078E+02   7.1831658E-01   0.0000000E+00
   2.3703556E-02   3.9934691E+13   9.7441215E+31   5.7991550E+01   3.4227119E+02   7.1715007E-01   0.0000000E+00
   2.4405192E-02   4.1119764E+13   1.0052036E+32   5.7991158E+01   3.4540041E+02   7.1599073E-01   0.0000000E+00
   2.5127597E-02   4.2340029E+13   1.0367758E+32   5.7990733E+01   3.4857643E+02   7.1484291E-01   0.0000000E+00
   2.5871385E-02   4.3596532E+13   1.0691490E+32   5.7990269E+01   3.5179685E+02   7.1371124E-01   0.0000000E+00
   2.6637190E-02   4.4890350E+13   1.1023448E+32   5.7989762E+01   3.5505874E+02   7.1260068E-01   0.0000000E+00
   2.7425663E-02   4.6222591E+13   1.1363871E+32   5.7989205E+01   3.5835867E+02   7.1151653E-01   0.0000000E+00
   2.8237475E-02   4.7594398E+13   1.1713018E+32   5.7988593E+01   3.6169256E+02   7.1046444E-01   0.0000000E+00
   2.9073317E-02   4.9006946E+13   1.2071173E+32   5.7987917E+01   3.6505565E+02   7.0945046E-01   0.0000000E+00
   2.9933901E-02   5.0461446E+13   1.2438646E+32   5.7987168E+01   3.6844241E+02   7.0848102E-01   0.0000000E+00
   3.0819958E-02   5.1959144E+13   1.2815777E+32   5.7986335E+01   3.7184643E+02   7.0756301E-01   0.0000000E+00
   3.1732243E-02   5.3501325E+13   1.3202938E+32   5.7985405E+01   3.7526037E+02   7.0670374E-01   0.0000000E+00
   3.2671531E-02   5.5089308E+13   1.3600536E+32   5.7984364E+01   3.7867576E+02   7.0591101E-01   0.0000000E+00
   3.3638624E-02   5.6724456E+13   1.4009012E+32   5.7983192E+01   3.8208295E+02   7.0519312E-01   0.0000000E+00
   3.4634342E-02   5.8408170E+13   1.4428848E+32   5.7981868E+01   3.8547096E+02   7.0455891E-01   0.0000000E+00
   3.5659534E-02   6.0141893E+13   1.4860566E+32   5.7980366E+01   3.8882730E+02   7.0401778E-01   0.0000000E+00
   3.6715073E-02   6.1927110E+13   1.5304729E+32   5.7978655E+01   3.9213784E+02   7.0357969E-01   0.0000000E+00
   3.7801856E-02   6.3765351E+13   1.5761939E+32   5.7976696E+01   3.9538665E+02   7.0325526E-01   0.0000000E+00
   3.8920808E-02   6.5658190E+13   1.6232841E+32   5.7974443E+01   3.9855575E+02   7.0305574E-01   0.0000000E+00
   4.0072882E-02   6.7607251E+13   1.6718114E+32   5.7971837E+01   4.0162501E+02   7.0299308E-01   0.0000000E+00
   4.1259057E-02   6.9614202E+13   1.7218467E+32   5.7968809E+01   4.0457187E+02   7.0307996E-01   0.0000000E+00
   4.2480344E-02   7.1680764E+13   1.7734635E+32   5.7965270E+01   4.0737115E+02   7.0332981E-01   0.0000000E+00
   4.3737782E-02   7.3808706E+13   1.8267358E+32   5.7961111E+01   4.0999487E+02   7.0375688E-01   0.0000000E+00
   4.5032440E-02   7.5999853E+13   1.8817369E+32   5.7956191E+01   4.1241199E+02   7.0437624E-01   0.0000000E+00
   4.6365421E-02   7.8256080E+13   1.9385370E+32   5.7950335E+01   4.1458826E+02   7.0520390E-01   0.0000000E+00
   4.7737858E-02   8.0579322E+13   1.9971996E+32   9.1942930E+01   6.6066574E+02   7.0624216E-01   0.0000000E+00
   4.9150920E-02   8.2971567E+13   2.0577772E+32   9.1934355E+01   6.6317343E+02   7.0753614E-01   0.0000000E+00
   5.0605810E-02   8.5434867E+13   2.1203064E+32   9.1923906E+01   6.6510347E+02   7.0909181E-01   0.0000000E+00
   5.2103765E-02   8.7971332E+13   2.1848006E+32   9.1911058E+01   6.6637875E+02   7.1092916E-01   0.0000000E+00
   5.3646060E-02   9.0583136E+13   2.2512418E+32   9.1895105E+01   6.6691625E+02   7.1306936E-01   0.0000000E+00
   5.5234008E-02   9.3272516E+13   2.3195712E+32   9.1875082E+01   6.6662710E+02   7.1553481E-01   0.0000000E+00
   5.6868960E-02   9.6041779E+13   2.3896779E+32   9.1849646E+01   6.6541689E+02   7.1834926E-01   0.0000000E+00
   5.8552307E-02   9.8893299E+13   2.4613889E+32   9.1816897E+01   6.6318605E+02   7.2153792E-01   0.0000000E+00
   6.0285482E-02   1.0182952E+14   2.5344599E+32   9.1774079E+01   6.5983043E+02   7.2512766E-01   0.0000000E+00
   6.2069960E-02   1.0485297E+14   2.6085726E+32   9.1717101E+01   6.5524186E+02   7.2914722E-01   0.0000000E+00
   6.3907259E-02   1.0796623E+14   2.6833450E+32   9.1639707E+01   6.4930870E+02   7.3362763E-01   0.0000000E+00
   6.5798943E-02   1.1117199E+14   2.7583646E+32   9.1532000E+01   6.4191581E+02   7.3860291E-01   0.0000000E+00
   6.7746621E-02   1.1447299E+14   2.8332620E+32   9.1377678E+01   6.3294315E+02   7.4411138E-01   0.0000000E+00
   6.9751952E-02   1.1787208E+14   2.9078480E+32   9.1148517E+01   6.2225998E+02   7.5019881E-01   0.0000000E+00
   7.1816642E-02   1.2137219E+14   2.9823401E+32   9.0792596E+01   6.0970534E+02   7.5692686E-01   0.0000000E+00
   7.3942447E-02   1.2497633E+14   3.0577044E+32   9.0206711E+01   5.9501877E+02   7.6440086E-01   0.0000000E+00
   7.6131177E-02   1.2868761E+14   3.1361174E+32   8.9163836E+01   5.7756716E+02   7.7287645E-01   0.0000000E+00
   7.8384695E-02   1.3250924E+14   3.2215021E+32   1.3275949E+02   8.3484302E+02   7.8266969E-01   0.0000000E+00
   8.0704917E-02   1.3644454E+14   3.3200170E+32   1.2719916E+02   7.8118170E+02   7.9813521E-01   0.0000000E+00
   8.3093820E-02   1.4049692E+14   3.4402848E+32   1.1323477E+02   6.6220445E+02   8.3658648E-01   0.0000000E+00
   8.5553400E-02   1.4466984E+14   3.5931147E+32   0.0000000E+00   0.0000000E+00   9.6469138E-01   0.0000000E+00
   8.6911268E-02   1.4697389E+14   3.6933892E+32   0.0000000E+00   0.0000000E+00   9.6452898E-01   0.0000000E+00
   8.8290688E-02   1.4931473E+14   3.8086026E+32   0.0000000E+00   0.0000000E+00   9.6436698E-01   0.0000000E+00
   8.9692002E-02   1.5169296E+14   3.9405935E+32   0.0000000E+00   0.0000000E+00   9.6420542E-01   0.0000000E+00
   9.1115556E-02   1.5410918E+14   4.0910442E+32   0.0000000E+00   0.0000000E+00   9.6404437E-01   0.0000000E+00
   9.2561704E-02   1.5656402E+14   4.2614260E+32   0.0000000E+00   0.0000000E+00   9.6388386E-01   0.0000000E+00
   9.4030806E-02   1.5905810E+14   4.4529656E+32   0.0000000E+00   0.0000000E+00   9.6372394E-01   0.0000000E+00
   9.5523224E-02   1.6159207E+14   4.6666359E+32   0.0000000E+00   0.0000000E+00   9.6356466E-01   0.0000000E+00
   9.7039329E-02   1.6416658E+14   4.9031708E+32   0.0000000E+00   0.0000000E+00   9.6340607E-01   0.0000000E+00
   9.8579497E-02   1.6678229E+14   5.1631026E+32   0.0000000E+00   0.0000000E+00   9.6324821E-01   0.0000000E+00
   1.0014411E-01   1.6943988E+14   5.4468141E+32   0.0000000E+00   0.0000000E+00   9.6309112E-01   0.0000000E+00
   1.0173356E-01   1.7214004E+14   5.7545996E+32   0.0000000E+00   0.0000000E+00   9.6293486E-01   0.0000000E+00
   1.0334823E-01   1.7488348E+14   6.0867279E+32   0.0000000E+00   0.0000000E+00   9.6277945E-01   0.0000000E+00
   1.0498853E-01   1.7767092E+14   6.4435020E+32   0.0000000E+00   0.0000000E+00   9.6262495E-01   0.0000000E+00
   1.0665486E-01   1.8050308E+14   6.8253102E+32   0.0000000E+00   0.0000000E+00   9.6247138E-01   0.0000000E+00
   1.0834765E-01   1.8338071E+14   7.2326688E+32   0.0000000E+00   0.0000000E+00   9.6231879E-01   0.0000000E+00
   1.1006730E-01   1.8630457E+14   7.6662533E+32   0.0000000E+00   0.0000000E+00   9.6216721E-01   0.0000000E+00
   1.1181424E-01   1.8927543E+14   8.1269213E+32   0.0000000E+00   0.0000000E+00   9.6201667E-01   0.0000000E+00
   1.1358891E-01   1.9229409E+14   8.6157270E+32   0.0000000E+00   0.0000000E+00   9.6186719E-01   0.0000000E+00
   1.1539174E-01   1.9536136E+14   9.1339294E+32   0.0000000E+00   0.0000000E+00   9.6171880E-01   0.0000000E+00
   1.1722319E-01   1.9847805E+14   9.6829969E+32   0.0000000E+00   0.0000000E+00   9.6157153E-01   0.0000000E+00
   1.1908371E-01   2.0164501E+14   1.0264609E+33   0.0000000E+00   0.0000000E+00   9.6142538E-01   0.0000000E+00
   1.2097376E-01   2.0486309E+14   1.0880654E+33   0.0000000E+00   0.0000000E+00   9.6128038E-01   0.0000000E+00
   1.2289380E-01   2.0813318E+14   1.1533231E+33   0.0000000E+00   0.0000000E+00   9.6113652E-01   0.0000000E+00
   1.2484432E-01   2.1145616E+14   1.2224651E+33   0.0000000E+00   0.0000000E+00   9.6099381E-01   0.0000000E+00
   1.2682580E-01   2.1483296E+14   1.2957433E+33   0.0000000E+00   0.0000000E+00   9.6085225E-01   0.0000000E+00
   1.2883873E-01   2.1826450E+14   1.3734308E+33   0.0000000E+00   0.0000000E+00   9.6071182E-01   0.0000000E+00
   1.3088360E-01   2.2175174E+14   1.4558223E+33   0.0000000E+00   0.0000000E+00   9.6057252E-01   0.0000000E+00
   1.3296093E-01   2.2529566E+14   1.5432342E+33   0.0000000E+00   0.0000000E+00   9.6039672E-01   3.7592952E-05
   1.3507124E-01   2.2889726E+14   1.6360056E+33   0.0000000E+00   0.0000000E+00   9.6016527E-01   1.3190258E-04
   1.3721503E-01   2.3255756E+14   1.7344984E+33   0.0000000E+00   0.0000000E+00   9.5990376E-01   2.5729757E-04
   1.3939285E-01   2.3627760E+14   1.8390983E+33   0.0000000E+00   0.0000000E+00   9.5961971E-01   4.0621127E-04
   1.4160524E-01   2.4005845E+14   1.9502158E+33   0.0000000E+00   0.0000000E+00   9.5931730E-01   5.7440976E-04
   1.4385274E-01   2.4390121E+14   2.0682869E+33   0.0000000E+00   0.0000000E+00   9.5899930E-01   7.5905196E-04
   1.4613591E-01   2.4780700E+14   2.1937741E+33   0.0000000E+00   0.0000000E+00   9.5866771E-01   9.5805001E-04
   1.4845532E-01   2.5177697E+14   2.3271676E+33   0.0000000E+00   0.0000000E+00   9.5832408E-01   1.1697836E-03
   1.5081154E-01   2.5581229E+14   2.4689864E+33   0.0000000E+00   0.0000000E+00   9.5796960E-01   1.3929497E-03
   1.5320516E-01   2.5991417E+14   2.6197796E+33   0.0000000E+00   0.0000000E+00   9.5760524E-01   1.6264747E-03
   1.5563676E-01   2.6408384E+14   2.7801276E+33   0.0000000E+00   0.0000000E+00   9.5723175E-01   1.8694592E-03
   1.5810697E-01   2.6832257E+14   2.9506430E+33   0.0000000E+00   0.0000000E+00   9.5684977E-01   2.1211413E-03
   1.6061638E-01   2.7263165E+14   3.1319726E+33   0.0000000E+00   0.0000000E+00   9.5645977E-01   2.3808712E-03
   1.6316561E-01   2.7701242E+14   3.3247983E+33   0.0000000E+00   0.0000000E+00   9.5606216E-01   2.6480931E-03
   1.6575531E-01   2.8146624E+14   3.5298386E+33   0.0000000E+00   0.0000000E+00   9.5565720E-01   2.9223315E-03
   1.6838611E-01   2.8599451E+14   3.7478501E+33   0.0000000E+00   0.0000000E+00   9.5524510E-01   3.2031818E-03
   1.7105866E-01   2.9059867E+14   3.9796286E+33   0.0000000E+00   0.0000000E+00   9.5482597E-01   3.4903025E-03
   1.7377364E-01   2.9528020E+14   4.2260110E+33   0.0000000E+00   0.0000000E+00   9.5439984E-01   3.7834095E-03
   1.7653170E-01   3.0004060E+14   4.4878764E+33   0.0000000E+00   0.0000000E+00   9.5396668E-01   4.0822715E-03
   1.7933354E-01   3.0488142E+14   4.7661477E+33   0.0000000E+00   0.0000000E+00   9.5352638E-01   4.3867069E-03
   1.8217985E-01   3.0980428E+14   5.0617931E+33   0.0000000E+00   0.0000000E+00   9.5307876E-01   4.6965809E-03
   1.8507133E-01   3.1481080E+14   5.3758275E+33   0.0000000E+00   0.0000000E+00   9.5262358E-01   5.0118036E-03
   1.8800871E-01   3.1990267E+14   5.7093139E+33   0.0000000E+00   0.0000000E+00   9.5216052E-01   5.3323287E-03
   1.9099270E-01   3.2508162E+14   6.0633651E+33   0.0000000E+00   0.0000000E+00   9.5168919E-01   5.6581522E-03
   1.9402406E-01   3.3034943E+14   6.4391452E+33   0.0000000E+00   0.0000000E+00   9.5120914E-01   5.9893117E-03
   1.9710353E-01   3.3570792E+14   6.8378706E+33   0.0000000E+00   0.0000000E+00   9.5071986E-01   6.3258861E-03
   2.0023187E-01   3.4115897E+14   7.2608122E+33   0.0000000E+00   0.0000000E+00   9.5022074E-01   6.6679953E-03
   2.0340987E-01   3.4670452E+14   7.7092964E+33   0.0000000E+00   0.0000000E+00   9.4971114E-01   7.0158000E-03
   2.0663831E-01   3.5234654E+14   8.1847066E+33   0.0000000E+00   0.0000000E+00   9.4919031E-01   7.3695023E-03
   2.0991799E-01   3.5808708E+14   8.6884851E+33   0.0000000E+00   0.0000000E+00   9.4865744E-01   7.7293454E-03
   2.1324972E-01   3.6392824E+14   9.2221339E+33   0.0000000E+00   0.0000000E+00   9.4811166E-01   8.0956146E-03
   2.1663433E-01   3.6987217E+14   9.7872172E+33   0.0000000E+00   0.0000000E+00   9.4755199E-01   8.4686374E-03
   2.2007266E-01   3.7592109E+14   1.0385362E+34   0.0000000E+00   0.0000000E+00   9.4697742E-01   8.8487840E-03
   2.2356556E-01   3.8207729E+14   1.1018260E+34   0.0000000E+00   0.0000000E+00   9.4638681E-01   9.2364682E-03
   2.2711390E-01   3.8834312E+14   1.1687669E+34   0.0000000E+00   0.0000000E+00   9.4577897E-01   9.6321481E-03
   2.3071856E-01   3.9472099E+14   1.2395414E+34   0.0000000E+00   0.0000000E+00   9.4515263E-01   1.0036326E-02
   2.3438043E-01   4.0121338E+14   1.3143392E+34   0.0000000E+00   0.0000000E+00   9.4450642E-01   1.0449551E-02
   2.3810042E-01   4.0782286E+14   1.3933569E+34   0.0000000E+00   0.0000000E+00   9.4383889E-01   1.0872416E-02
   2.4187945E-01   4.1455206E+14   1.4767983E+34   0.0000000E+00   0.0000000E+00   9.4314851E-01   1.1305563E-02
   2.4571846E-01   4.2140368E+14   1.5648748E+34   0.0000000E+00   0.0000000E+00   9.4243367E-01   1.1749681E-02
   2.4961841E-01   4.2838052E+14   1.6578054E+34   0.0000000E+00   0.0000000E+00   9.4169266E-01   1.2205505E-02
   2.5358025E-01   4.3548544E+14   1.7558169E+34   0.0000000E+00   0.0000000E+00   9.4092368E-01   1.2673819E-02
   2.5760497E-01   4.4272139E+14   1.8591441E+34   0.0000000E+00   0.0000000E+00   9.4012486E-01   1.3155457E-02
   2.6169357E-01   4.5009142E+14   1.9680298E+34   0.0000000E+00   0.0000000E+00   9.3929423E-01   1.3651299E-02
   2.6584706E-01   4.5759864E+14   2.0827256E+34   0.0000000E+00   0.0000000E+00   9.3842975E-01   1.4162277E-02
   2.7006647E-01   4.6524630E+14   2.2034914E+34   0.0000000E+00   0.0000000E+00   9.3752926E-01   1.4689367E-02
   2.7435286E-01   4.7303768E+14   2.3305960E+34   0.0000000E+00   0.0000000E+00   9.3659056E-01   1.5233596E-02
   2.7870727E-01   4.8097622E+14   2.4643174E+34   0.0000000E+00   0.0000000E+00   9.3561134E-01   1.5796038E-02
   2.8313080E-01   4.8906542E+14   2.6049429E+34   0.0000000E+00   0.0000000E+00   9.3458922E-01   1.6377812E-02
   2.8762453E-01   4.9730890E+14   2.7527692E+34   0.0000000E+00   0.0000000E+00   9.3352174E-01   1.6980083E-02
   2.9218959E-01   5.0571038E+14   2.9081030E+34   0.0000000E+00   0.0000000E+00   9.3240638E-01   1.7604058E-02
   2.9682710E-01   5.1427371E+14   3.0712612E+34   0.0000000E+00   0.0000000E+00   9.3124054E-01   1.8250988E-02
   3.0153822E-01   5.2300282E+14   3.2425712E+34   0.0000000E+00   0.0000000E+00   9.3002156E-01   1.8922160E-02
   3.0632411E-01   5.3190180E+14   3.4223709E+34   0.0000000E+00   0.0000000E+00   9.2874674E-01   1.9618899E-02
   3.1118596E-01   5.4097481E+14   3.6110098E+34   0.0000000E+00   0.0000000E+00   9.2741330E-01   2.0342564E-02
   3.1612498E-01   5.5022619E+14   3.8088483E+34   0.0000000E+00   0.0000000E+00   9.2601847E-01   2.1094542E-02
   3.2114238E-01   5.5966037E+14   4.0162592E+34   0.0000000E+00   0.0000000E+00   9.2455939E-01   2.1876246E-02
   3.2623942E-01   5.6928193E+14   4.2336274E+34   0.0000000E+00   0.0000000E+00   9.2303321E-01   2.2689110E-02
   3.3141736E-01   5.7909558E+14   4.4613502E+34   0.0000000E+00   0.0000000E+00   9.2143707E-01   2.3534584E-02
   3.3667748E-01   5.8910619E+14   4.6998386E+34   0.0000000E+00   0.0000000E+00   9.1976809E-01   2.4414128E-02
   3.4202108E-01   5.9931875E+14   4.9495168E+34   0.0000000E+00   0.0000000E+00   9.1802343E-01   2.5329204E-02
   3.4744950E-01   6.0973844E+14   5.2108234E+34   0.0000000E+00   0.0000000E+00   9.1620024E-01   2.6281275E-02
   3.5296408E-01   6.2037055E+14   5.4842114E+34   0.0000000E+00   0.0000000E+00   9.1429574E-01   2.7271792E-02
   3.5856618E-01   6.3122057E+14   5.7701493E+34   0.0000000E+00   0.0000000E+00   9.1230719E-01   2.8302188E-02
   3.6425719E-01   6.4229414E+14   6.0691212E+34   0.0000000E+00   0.0000000E+00   9.1023191E-01   2.9373872E-02
   3.7003853E-01   6.5359709E+14   6.3816278E+34   0.0000000E+00   0.0000000E+00   9.0806733E-01   3.0488219E-02
   3.7591163E-01   6.6513540E+14   6.7081868E+34   0.0000000E+00   0.0000000E+00   9.0581096E-01   3.1646562E-02
   3.8187794E-01   6.7691527E+14   7.0493338E+34   0.0000000E+00   0.0000000E+00   9.0346043E-01   3.2850179E-02
   3.8793895E-01   6.8894307E+14   7.4056227E+34   0.0000000E+00   0.0000000E+00   9.0101354E-01   3.4100292E-02
   3.9409616E-01   7.0122538E+14   7.7776269E+34   0.0000000E+00   0.0000000E+00   8.9846820E-01   3.5398047E-02
   4.0035109E-01   7.1376897E+14   8.1659398E+34   0.0000000E+00   0.0000000E+00   8.9582253E-01   3.6744512E-02
   4.0670530E-01   7.2658085E+14   8.5711757E+34   0.0000000E+00   0.0000000E+00   8.9307482E-01   3.8140667E-02
   4.1316036E-01   7.3966822E+14   8.9939708E+34   0.0000000E+00   0.0000000E+00   8.9022359E-01   3.9587387E-02
   4.1971787E-01   7.5303853E+14   9.4349841E+34   0.0000000E+00   0.0000000E+00   8.8726757E-01   4.1085441E-02
   4.2637946E-01   7.6669947E+14   9.8948981E+34   0.0000000E+00   0.0000000E+00   8.8420574E-01   4.2635480E-02
   4.3314677E-01   7.8065895E+14   1.0374420E+35   0.0000000E+00   0.0000000E+00   8.8103736E-01   4.4238025E-02
   4.4002150E-01   7.9492515E+14   1.0874284E+35   0.0000000E+00   0.0000000E+00   8.7776195E-01   4.5893462E-02
   4.4700534E-01   8.0950653E+14   1.1395249E+35   0.0000000E+00   0.0000000E+00   8.7437930E-01   4.7602035E-02
   4.5410002E-01   8.2441178E+14   1.1938104E+35   0.0000000E+00   0.0000000E+00   8.7088955E-01   4.9363832E-02
   4.6130731E-01   8.3964991E+14   1.2503667E+35   0.0000000E+00   0.0000000E+00   8.6729313E-01   5.1178789E-02
   4.6862899E-01   8.5523022E+14   1.3092787E+35   0.0000000E+00   0.0000000E+00   8.6359079E-01   5.3046675E-02
   4.7606688E-01   8.7116228E+14   1.3706342E+35   0.0000000E+00   0.0000000E+00   8.5978363E-01   5.4967093E-02
   4.8362281E-01   8.8745602E+14   1.4345249E+35   0.0000000E+00   0.0000000E+00   8.5587307E-01   5.6939474E-02
   4.9129868E-01   9.0412166E+14   1.5010455E+35   0.0000000E+00   0.0000000E+00   8.5186088E-01   5.8963075E-02
   4.9909637E-01   9.2116978E+14   1.5702945E+35   0.0000000E+00   0.0000000E+00   8.4774919E-01   6.1036978E-02
   5.0701782E-01   9.3861130E+14   1.6423745E+35   0.0000000E+00   0.0000000E+00   8.4354045E-01   6.3160090E-02
   5.1506499E-01   9.5645752E+14   1.7173915E+35   0.0000000E+00   0.0000000E+00   8.3923745E-01   6.5331143E-02
   5.2323989E-01   9.7472009E+14   1.7954563E+35   0.0000000E+00   0.0000000E+00   8.3484333E-01   6.7548698E-02
   5.3154454E-01   9.9341108E+14   1.8766835E+35   0.0000000E+00   0.0000000E+00   8.3036154E-01   6.9811148E-02
   5.3998100E-01   1.0125429E+15   1.9611927E+35   0.0000000E+00   0.0000000E+00   8.2579585E-01   7.2116723E-02
   5.4855135E-01   1.0321286E+15   2.0491079E+35   0.0000000E+00   0.0000000E+00   8.2115034E-01   7.4463496E-02
   5.5725773E-01   1.0521813E+15   2.1405581E+35   0.0000000E+00   0.0000000E+00   8.1642934E-01   7.6849392E-02
   5.6610230E-01   1.0727149E+15   2.2356777E+35   0.0000000E+00   0.0000000E+00   8.1163750E-01   7.9272193E-02
   5.7508724E-01   1.0937436E+15   2.3346063E+35   0.0000000E+00   0.0000000E+00   8.0677967E-01   8.1729553E-02
   5.8421479E-01   1.1152822E+15   2.4374892E+35   0.0000000E+00   0.0000000E+00   8.0186095E-01   8.4219004E-02
   5.9348720E-01   1.1373458E+15   2.5444776E+35   0.0000000E+00   0.0000000E+00   7.9688664E-01   8.6737970E-02
   6.0290679E-01   1.1599504E+15   2.6557289E+35   0.0000000E+00   0.0000000E+00   7.9186220E-01   8.9283776E-02
   6.1247587E-01   1.1831121E+15   2.7714069E+35   0.0000000E+00   0.0000000E+00   7.8679328E-01   9.1853668E-02
   6.2219684E-01   1.2068480E+15   2.8916820E+35   0.0000000E+00   0.0000000E+00   7.8168562E-01   9.4444817E-02
   6.3207209E-01   1.2311754E+15   3.0167320E+35   0.0000000E+00   0.0000000E+00   7.7654506E-01   9.7054342E-02
   6.4210408E-01   1.2561124E+15   3.1467416E+35   0.0000000E+00   0.0000000E+00   7.7137753E-01   9.9679317E-02
   6.5229529E-01   1.2816779E+15   3.2819033E+35   0.0000000E+00   0.0000000E+00   7.6618899E-01   1.0231679E-01
   6.6264825E-01   1.3078911E+15   3.4224178E+35   0.0000000E+00   0.0000000E+00   7.6098540E-01   1.0496379E-01
   6.7316553E-01   1.3347722E+15   3.5684939E+35   0.0000000E+00   0.0000000E+00   7.5577274E-01   1.0761735E-01
   6.8384973E-01   1.3623419E+15   3.7203492E+35   0.0000000E+00   0.0000000E+00   7.5055690E-01   1.1027453E-01
   6.9470351E-01   1.3906218E+15   3.8782105E+35   0.0000000E+00   0.0000000E+00   7.4534375E-01   1.1293238E-01
   7.0572956E-01   1.4196341E+15   4.0423140E+35   0.0000000E+00   0.0000000E+00   7.4013904E-01   1.1558804E-01
   7.1693061E-01   1.4494019E+15   4.2129058E+35   0.0000000E+00   0.0000000E+00   7.3494842E-01   1.1823865E-01
   7.2830943E-01   1.4799493E+15   4.3902426E+35   0.0000000E+00   0.0000000E+00   7.2977739E-01   1.2088145E-01
   7.3986886E-01   1.5113008E+15   4.5745917E+35   0.0000000E+00   0.0000000E+00   7.2463130E-01   1.2351375E-01
   7.5161175E-01   1.5434823E+15   4.7662318E+35   0.0000000E+00   0.0000000E+00   7.1951532E-01   1.2613292E-01
   7.6354103E-01   1.5765203E+15   4.9654534E+35   0.0000000E+00   0.0000000E+00   7.1443443E-01   1.2873644E-01
   7.7565963E-01   1.6104424E+15   5.1725592E+35   0.0000000E+00   0.0000000E+00   7.0939339E-01   1.3132190E-01
   7.8797058E-01   1.6452771E+15   5.3878651E+35   0.0000000E+00   0.0000000E+00   7.0439676E-01   1.3388697E-01
   8.0047693E-01   1.6810541E+15   5.6117002E+35   0.0000000E+00   0.0000000E+00   6.9944883E-01   1.3642946E-01
   8.1318177E-01   1.7178041E+15   5.8444075E+35   0.0000000E+00   0.0000000E+00   6.9455369E-01   1.3894727E-01
   8.2608825E-01   1.7555587E+15   6.0863449E+35   0.0000000E+00   0.0000000E+00   6.8971516E-01   1.4143845E-01
   8.3919958E-01   1.7943512E+15   6.3378854E+35   0.0000000E+00   0.0000000E+00   6.8493681E-01   1.4390117E-01
   8.5251901E-01   1.8342155E+15   6.5994182E+35   0.0000000E+00   0.0000000E+00   6.8022193E-01   1.4633369E-01
   8.6604984E-01   1.8751872E+15   6.8713489E+35   0.0000000E+00   0.0000000E+00   6.7557359E-01   1.4873446E-01
   8.7979543E-01   1.9173031E+15   7.1541006E+35   0.0000000E+00   0.0000000E+00   6.7099457E-01   1.5110200E-01
   8.9375918E-01   1.9606012E+15   7.4481145E+35   0.0000000E+00   0.0000000E+00   6.6648741E-01   1.5343500E-01
   9.0794455E-01   2.0051211E+15   7.7538508E+35   0.0000000E+00   0.0000000E+00   6.6205436E-01   1.5573225E-01
   9.2235507E-01   2.0509037E+15   8.0717894E+35   0.0000000E+00   0.0000000E+00   6.5769747E-01   1.5799267E-01
   9.3699431E-01   2.0979917E+15   8.4024310E+35   0.0000000E+00   0.0000000E+00   6.5341850E-01   1.6021533E-01
   9.5186590E-01   2.1464290E+15   8.7462976E+35   0.0000000E+00   0.0000000E+00   6.4921898E-01   1.6239938E-01
   9.6697352E-01   2.1962615E+15   9.1039338E+35   0.0000000E+00   0.0000000E+00   6.4510023E-01   1.6454412E-01
   9.8232093E-01   2.2475367E+15   9.4759077E+35   0.0000000E+00   0.0000000E+00   6.4106332E-01   1.6664893E-01
   9.9791192E-01   2.3003037E+15   9.8628118E+35   0.0000000E+00   0.0000000E+00   6.3710911E-01   1.6871333E-01
   1.0137504E+00   2.3546137E+15   1.0265264E+36   0.0000000E+00   0.0000000E+00   6.3323825E-01   1.7073692E-01
   1.0298402E+00   2.4105197E+15   1.0683910E+36   0.0000000E+00   0.0000000E+00   6.2945120E-01   1.7271942E-01
   1.0461854E+00   2.4680766E+15   1.1119421E+36   0.0000000E+00   0.0000000E+00   6.2574823E-01   1.7466063E-01
   1.0627900E+00   2.5273416E+15   1.1572499E+36   0.0000000E+00   0.0000000E+00   6.2212943E-01   1.7656044E-01
   1.0796582E+00   2.5883740E+15   1.2043877E+36   0.0000000E+00   0.0000000E+00   6.1859473E-01   1.7841882E-01
   1.0967941E+00   2.6512351E+15   1.2534317E+36   0.0000000E+00   0.0000000E+00   6.1514390E-01   1.8023585E-01
   1.1142019E+00   2.7159888E+15   1.3044617E+36   0.0000000E+00   0.0000000E+00   6.1177656E-01   1.8201164E-01
   1.1318861E+00   2.7827014E+15   1.3575607E+36   0.0000000E+00   0.0000000E+00   6.0849220E-01   1.8374640E-01
   1.1498509E+00   2.8514416E+15   1.4128154E+36   0.0000000E+00   0.0000000E+00   6.0529019E-01   1.8544039E-01
   1.1681009E+00   2.9222807E+15   1.4703163E+36   0.0000000E+00   0.0000000E+00   6.0216977E-01   1.8709394E-01
   1.1866405E+00   2.9952929E+15   1.5301578E+36   0.0000000E+00   0.0000000E+00   5.9913008E-01   1.8870742E-01
   1.2054744E+00   3.0705550E+15   1.5924383E+36   0.0000000E+00   0.0000000E+00   5.9617018E-01   1.9028126E-01
   1.2246071E+00   3.1481469E+15   1.6572605E+36   0.0000000E+00   0.0000000E+00   5.9328903E-01   1.9181593E-01
   1.2440436E+00   3.2281515E+15   1.7247316E+36   0.0000000E+00   0.0000000E+00   5.9048550E-01   1.9331194E-01
   1.2637885E+00   3.3106549E+15   1.7949634E+36   0.0000000E+00   0.0000000E+00   5.8775841E-01   1.9476985E-01
   1.2838469E+00   3.3957465E+15   1.8680726E+36   0.0000000E+00   0.0000000E+00   5.8510652E-01   1.9619023E-01
   1.3042236E+00   3.4835190E+15   1.9441808E+36   0.0000000E+00   0.0000000E+00   5.8252852E-01   1.9757368E-01
   1.3249237E+00   3.5740688E+15   2.0234151E+36   0.0000000E+00   0.0000000E+00   5.8002307E-01   1.9892085E-01
   1.3459523E+00   3.6674960E+15   2.1059080E+36   0.0000000E+00   0.0000000E+00   5.7758878E-01   2.0023240E-01
   1.3673147E+00   3.7639046E+15   2.1917978E+36   0.0000000E+00   0.0000000E+00   5.7522423E-01   2.0150898E-01
   1.3890162E+00   3.8634025E+15   2.2812287E+36   0.0000000E+00   0.0000000E+00   5.7292797E-01   2.0275130E-01
   1.4110620E+00   3.9661017E+15   2.3743512E+36   0.0000000E+00   0.0000000E+00   5.7069854E-01   2.0396005E-01
   1.4334578E+00   4.0721188E+15   2.4713226E+36   0.0000000E+00   0.0000000E+00   5.6853444E-01   2.0513594E-01
   1.4562091E+00   4.1815747E+15   2.5723066E+36   0.0000000E+00   0.0000000E+00   5.6643419E-01   2.0627969E-01
   1.4793214E+00   4.2945949E+15   2.6774744E+36   0.0000000E+00   0.0000000E+00   5.6439628E-01   2.0739202E-01
   1.5028006E+00   4.4113101E+15   2.7870045E+36   0.0000000E+00   0.0000000E+00   5.6241920E-01   2.0847366E-01
   1.5266525E+00   4.5318557E+15   2.9010830E+36   0.0000000E+00   0.0000000E+00   5.6050146E-01   2.0952534E-01
   1.5508828E+00   4.6563725E+15   3.0199046E+36   0.0000000E+00   0.0000000E+00   5.5864154E-01   2.1054777E-01
   1.5754978E+00   4.7850068E+15   3.1436720E+36   0.0000000E+00   0.0000000E+00   5.5683797E-01   2.1154168E-01
   1.6005035E+00   4.9179107E+15   3.2725969E+36   0.0000000E+00   0.0000000E+00   5.5508925E-01   2.1250779E-01
   1.6259060E+00   5.0552419E+15   3.4069004E+36   0.0000000E+00   0.0000000E+00   5.5339393E-01   2.1344681E-01
   1.6517117E+00   5.1971646E+15   3.5468132E+36   0.0000000E+00   0.0000000E+00   5.5175054E-01   2.1435945E-01
   1.6779270E+00   5.3438491E+15   3.6925760E+36   0.0000000E+00   0.0000000E+00   5.5015766E-01   2.1524640E-01
   1.7045584E+00   5.4954725E+15   3.8444401E+36   0.0000000E+00   0.0000000E+00   5.4861386E-01   2.1610836E-01
   1.7316124E+00   5.6522188E+15   4.0026679E+36   0.0000000E+00   0.0000000E+00   5.4711776E-01   2.1694601E-01
   1.7590958E+00   5.8142793E+15   4.1675331E+36   0.0000000E+00   0.0000000E+00   5.4566799E-01   2.1776001E-01
   1.7870155E+00   5.9818524E+15   4.3393216E+36   0.0000000E+00   0.0000000E+00   5.4426319E-01   2.1855102E-01
   1.8153783E+00   6.1551448E+15   4.5183319E+36   0.0000000E+00   0.0000000E+00   5.4290204E-01   2.1931970E-01
   1.8441912E+00   6.3343708E+15   4.7048756E+36   0.0000000E+00   0.0000000E+00   5.4158324E-01   2.2006668E-01
   1.8734614E+00   6.5197534E+15   4.8992780E+36   0.0000000E+00   0.0000000E+00   5.4030553E-01   2.2079258E-01
   1.9031962E+00   6.7115243E+15   5.1018788E+36   0.0000000E+00   0.0000000E+00   5.3906767E-01   2.2149801E-01
   1.9334030E+00   6.9099242E+15   5.3130326E+36   0.0000000E+00   0.0000000E+00   5.3786842E-01   2.2218357E-01
   1.9640892E+00   7.1152032E+15   5.5331099E+36   0.0000000E+00   0.0000000E+00   5.3670662E-01   2.2284985E-01
