   5.9999999E-10   9.9520245E+05   2.1925324E+22   2.6000000E+01   5.6000000E+01   0.0000000E+00   0.0000000E+00
   6.4034276E-10   1.0621195E+06   2.4282758E+22   2.6000000E+01   5.6000000E+01   0.0000000E+00   0.0000000E+00
   6.8339809E-10   1.1335361E+06   2.6886815E+22   2.6000000E+01   5.6000000E+01   0.0000000E+00   0.0000000E+00
   7.2934837E-10   1.2097548E+06   2.9762586E+22   2.6000000E+01   5.6000000E+01   0.0000000E+00   0.0000000E+00
   7.7838825E-10   1.2910986E+06   3.2937645E+22   2.6000000E+01   5.6000000E+01   0.0000000E+00   0.0000000E+00
   8.3072547E-10   1.3779119E+06   3.6442291E+22   2.6000000E+01   5.6000000E+01   0.0000000E+00   0.0000000E+00
   8.8658174E-10   1.4705627E+06   4.0309805E+22   2.6000000E+01   5.6000000E+01   0.0000000E+00   0.0000000E+00
   9.4619367E-10   1.5694435E+06   4.4576739E+22   2.6000000E+01   5.6000000E+01   0.0000000E+00   0.0000000E+00
   1.0098138E-09   1.6749731E+06   4.9283230E+22   2.6000000E+01   5.6000000E+01   0.0000000E+00   0.0000000E+00
   1.0777116E-09   1.7875986E+06   5.4473342E+22   2.6000000E+01   5.6000000E+01   0.0000000E+00   0.0000000E+00
   1.1501747E-09   1.9077973E+06   6.0195437E+22   2.6000000E+01   5.6000000E+01   0.0000000E+00   0.0000000E+00
   1.2275101E-09   2.0360784E+06   6.6502590E+22   2.6000000E+01   5.6000000E+01   0.0000000E+00   0.0000000E+00
   1.3100453E-09   2.1729852E+06   7.3453031E+22   2.6000000E+01   5.6000000E+01   0.0000000E+00   0.0000000E+00
   1.3981301E-09   2.3190980E+06   8.1110635E+22   2.6000000E+01   5.6000000E+01   0.0000000E+00   0.0000000E+00
   1.4921374E-09   2.4750357E+06   8.9545459E+22   2.6000000E+01   5.6000000E+01   0.0000000E+00   0.0000000E+00
   1.5924657E-09   2.6414590E+06   9.8834321E+22   2.6000000E+01   5.6000000E+01   0.0000000E+00   0.0000000E+00
   1.6995398E-09   2.8190730E+06   1.0906144E+23   2.6000000E+01   5.6000000E+01   0.0000000E+00   0.0000000E+00
   1.8138134E-09   3.0086301E+06   1.2031912E+23   2.6000000E+01   5.6000000E+01   0.0000000E+00   0.0000000E+00
   1.9357704E-09   3.2109336E+06   1.3270854E+23   2.6000000E+01   5.6000000E+01   0.0000000E+00   0.0000000E+00
   2.0659277E-09   3.4268405E+06   1.4634055E+23   2.6000000E+01   5.6000000E+01   0.0000000E+00   0.0000000E+00
   2.2048364E-09   3.6572657E+06   1.6133658E+23   2.6000000E+01   5.6000000E+01   0.0000000E+00   0.0000000E+00
   2.3530850E-09   3.9031853E+06   1.7782965E+23   2.6000000E+01   5.6000000E+01   0.0000000E+00   0.0000000E+00
   2.5113016E-09   4.1656413E+06   1.9596544E+23   2.6000000E+01   5.6000000E+01   0.0000000E+00   0.0000000E+00
   2.6801564E-09   4.4457458E+06   2.1590343E+23   2.6000000E+01   5.6000000E+01   0.0000000E+00   0.0000000E+00
   2.8603646E-09   4.7446855E+06   2.3781825E+23   2.6000000E+01   5.6000000E+01   0.0000000E+00   0.0000000E+00
   3.0526896E-09   5.0637270E+06   2.6190103E+23   2.6000000E+01   5.6000000E+01   0.0000000E+00   0.0000000E+00
   3.2579462E-09   5.4042220E+06   2.8836093E+23   2.6000000E+01   5.6000000E+01   0.0000000E+00   0.0000000E+00
   3.4770037E-09   5.7676134E+06   3.1742683E+23   2.6000000E+01   5.6000000E+01   0.0000000E+00   0.0000000E+00
   3.7107903E-09   6.1554407E+06   3.4934913E+23   2.6000000E+01   5.6000000E+01   0.0000000E+00   0.0000000E+00
   3.9602962E-09   6.5693472E+06   3.8440172E+23   2.6000000E+01   5.6000000E+01   0.0000000E+00   0.0000000E+00
   4.2265784E-09   7.0110866E+06   4.2288415E+23   2.6000000E+01   5.6000000E+01   0.0000000E+00   0.0000000E+00
   4.5107648E-09   7.4825308E+06   4.6512400E+23   2.6000000E+01   5.6000000E+01   0.0000000E+00   0.0000000E+00
   4.8140593E-09   7.9856772E+06   5.1147941E+23   2.6000000E+01   5.6000000E+01   0.0000000E+00   0.0000000E+00
   5.1377468E-09   8.5226577E+06   5.6234189E+23   2.8000000E+01   6.2000000E+01   0.0000000E+00   0.0000000E+00
   5.4831983E-09   9.0957477E+06   6.1813936E+23   2.8000000E+01   6.2000000E+01   0.0000000E+00   0.0000000E+00
   5.8518772E-09   9.7073754E+06   6.7933949E+23   2.8000000E+01   6.2000000E+01   0.0000000E+00   0.0000000E+00
   6.2453454E-09   1.0360133E+07   7.4645328E+23   2.8000000E+01   6.2000000E+01   0.0000000E+00   0.0000000E+00
   6.6652696E-09   1.1056785E+07   8.2003903E+23   2.8000000E+01   6.2000000E+01   0.0000000E+00   0.0000000E+00
   7.1134286E-09   1.1800285E+07   9.0070658E+23   2.8000000E+01   6.2000000E+01   0.0000000E+00   0.0000000E+00
   7.5917208E-09   1.2593782E+07   9.8912204E+23   2.8000000E+01   6.2000000E+01   0.0000000E+00   0.0000000E+00
   8.1021725E-09   1.3440639E+07   1.0860128E+24   2.8000000E+01   6.2000000E+01   0.0000000E+00   0.0000000E+00
   8.6469459E-09   1.4344445E+07   1.1921733E+24   2.8000000E+01   6.2000000E+01   0.0000000E+00   0.0000000E+00
   9.2283487E-09   1.5309029E+07   1.3084706E+24   2.8000000E+01   6.2000000E+01   0.0000000E+00   0.0000000E+00
   9.8488439E-09   1.6338479E+07   1.4358513E+24   2.8000000E+01   6.2000000E+01   0.0000000E+00   0.0000000E+00
   1.0511060E-08   1.7437157E+07   1.5753489E+24   2.8000000E+01   6.2000000E+01   0.0000000E+00   0.0000000E+00
   1.1217802E-08   1.8609718E+07   1.7280908E+24   2.8000000E+01   6.2000000E+01   0.0000000E+00   0.0000000E+00
   1.1972064E-08   1.9861132E+07   1.8953076E+24   2.8000000E+01   6.2000000E+01   0.0000000E+00   0.0000000E+00
   1.2777041E-08   2.1196702E+07   2.0783418E+24   2.8000000E+01   6.2000000E+01   0.0000000E+00   0.0000000E+00
   1.3636143E-08   2.2622087E+07   2.2786582E+24   2.8000000E+01   6.2000000E+01   0.0000000E+00   0.0000000E+00
   1.4553009E-08   2.4143327E+07   2.4978544E+24   2.8000000E+01   6.2000000E+01   0.0000000E+00   0.0000000E+00
   1.5531523E-08   2.5766869E+07   2.7376729E+24   2.8000000E+01   6.2000000E+01   0.0000000E+00   0.0000000E+00
   1.6575831E-08   2.7499594E+07   3.0000140E+24   2.8000000E+01   6.2000000E+01   0.0000000E+00   0.0000000E+00
   1.7690355E-08   2.9348843E+07   3.2869499E+24   2.8000000E+01   6.2000000E+01   0.0000000E+00   0.0000000E+00
   1.8879818E-08   3.1322455E+07   3.6007399E+24   2.8000000E+01   6.2000000E+01   0.0000000E+00   0.0000000E+00
   2.0149259E-08   3.3428793E+07   3.9438471E+24   2.8000000E+01   6.2000000E+01   0.0000000E+00   0.0000000E+00
   2.1504053E-08   3.5676782E+07   4.3189563E+24   2.8000000E+01   6.2000000E+01   0.0000000E+00   0.0000000E+00
   2.2949941E-08   3.8075952E+07   4.7289938E+24   2.8000000E+01   6.2000000E+01   0.0000000E+00   0.0000000E+00
   2.4493048E-08   4.0636468E+07   5.1771490E+24   2.8000000E+01   6.2000000E+01   0.0000000E+00   0.0000000E+00
   2.6139910E-08   4.3369182E+07   5.6668972E+24   2.8000000E+01   6.2000000E+01   0.0000000E+00   0.0000000E+00
   2.7897504E-08   4.6285677E+07   6.2020252E+24   2.8000000E+01   6.2000000E+01   0.0000000E+00   0.0000000E+00
   2.9773275E-08   4.9398312E+07   6.7866587E+24   2.8000000E+01   6.2000000E+01   0.0000000E+00   0.0000000E+00
   3.1775169E-08   5.2720279E+07   7.4252925E+24   2.8000000E+01   6.2000000E+01   0.0000000E+00   0.0000000E+00
   3.3911665E-08   5.6265658E+07   8.1228222E+24   2.8000000E+01   6.2000000E+01   0.0000000E+00   0.0000000E+00
   3.6191816E-08   6.0049475E+07   8.8845806E+24   2.8000000E+01   6.2000000E+01   0.0000000E+00   0.0000000E+00
   3.8625279E-08   6.4087767E+07   9.7163752E+24   2.8000000E+01   6.2000000E+01   0.0000000E+00   0.0000000E+00
   4.1222363E-08   6.8397650E+07   1.0624530E+25   2.8000000E+01   6.2000000E+01   0.0000000E+00   0.0000000E+00
   4.3994070E-08   7.2997391E+07   1.1615933E+25   2.8000000E+01   6.2000000E+01   0.0000000E+00   0.0000000E+00
   4.6952141E-08   7.7906485E+07   1.2698081E+25   2.8000000E+01   6.2000000E+01   0.0000000E+00   0.0000000E+00
   5.0109106E-08   8.3145741E+07   1.3879139E+25   2.8000000E+01   6.2000000E+01   0.0000000E+00   0.0000000E+00
   5.3478339E-08   8.8737365E+07   1.5167992E+25   2.8000000E+01   6.2000000E+01   0.0000000E+00   0.0000000E+00
   5.7074112E-08   9.4705058E+07   1.6574315E+25   2.8000000E+01   6.2000000E+01   0.0000000E+00   0.0000000E+00
   6.0911658E-08   1.0107412E+08   1.8108637E+25   2.8000000E+01   6.2000000E+01   0.0000000E+00   0.0000000E+00
   6.5007233E-08   1.0787153E+08   1.9782417E+25   2.8000000E+01   6.2000000E+01   0.0000000E+00   0.0000000E+00
   6.9378185E-08   1.1512613E+08   2.1608128E+25   2.8000000E+01   6.2000000E+01   0.0000000E+00   0.0000000E+00
   7.4043031E-08   1.2286865E+08   2.3599340E+25   2.8000000E+01   6.2000000E+01   0.0000000E+00   0.0000000E+00
   7.9021532E-08   1.3113191E+08   2.5770822E+25   2.8000000E+01   6.2000000E+01   0.0000000E+00   0.0000000E+00
   8.4334777E-08   1.3995095E+08   2.8138641E+25   2.8000000E+01   6.2000000E+01   0.0000000E+00   0.0000000E+00
   9.0005274E-08   1.4936315E+08   3.0720278E+25   2.8000000E+01   6.2000000E+01   0.0000000E+00   0.0000000E+00
   9.6057043E-08   1.5940841E+08   3.3534754E+25   2.8000000E+01   6.2000000E+01   0.0000000E+00   0.0000000E+00
   1.0251572E-07   1.7012930E+08   3.6602755E+25   2.8000000E+01   6.2000000E+01   0.0000000E+00   0.0000000E+00
   1.0940867E-07   1.8157129E+08   3.9946789E+25   2.8000000E+01   6.2000000E+01   0.0000000E+00   0.0000000E+00
   1.1676508E-07   1.9378288E+08   4.3591333E+25   2.8000000E+01   6.2000000E+01   0.0000000E+00   0.0000000E+00
   1.2461612E-07   2.0681583E+08   4.7563013E+25   2.8000000E+01   6.2000000E+01   0.0000000E+00   0.0000000E+00
   1.3299506E-07   2.2072540E+08   5.1890786E+25   2.8000000E+01   6.2000000E+01   0.0000000E+00   0.0000000E+00
   1.4193737E-07   2.3557056E+08   5.6606144E+25   2.8000000E+01   6.2000000E+01   0.0000000E+00   0.0000000E+00
   1.5148095E-07   2.5141425E+08   6.1743332E+25   2.8000000E+01   6.2000000E+01   0.0000000E+00   0.0000000E+00
   1.6166621E-07   2.6832364E+08   6.7339591E+25   2.8000000E+01   6.2000000E+01   0.0000000E+00   0.0000000E+00
   1.7253632E-07   2.8637042E+08   7.3435416E+25   2.8000000E+01   6.4000000E+01   0.0000000E+00   0.0000000E+00
   1.8413730E-07   3.0563111E+08   8.0074837E+25   2.8000000E+01   6.4000000E+01   0.0000000E+00   0.0000000E+00
   1.9651831E-07   3.2618738E+08   8.7305726E+25   2.8000000E+01   6.4000000E+01   0.0000000E+00   0.0000000E+00
   2.0973180E-07   3.4812637E+08   9.5180134E+25   2.8000000E+01   6.4000000E+01   0.0000000E+00   0.0000000E+00
   2.2383374E-07   3.7154111E+08   1.0375465E+26   2.8000000E+01   6.4000000E+01   0.0000000E+00   0.0000000E+00
   2.3888385E-07   3.9653090E+08   1.1309078E+26   2.8000000E+01   6.4000000E+01   0.0000000E+00   0.0000000E+00
   2.5494591E-07   4.2320168E+08   1.2325542E+26   2.8000000E+01   6.4000000E+01   0.0000000E+00   0.0000000E+00
   2.7208795E-07   4.5166655E+08   1.3432126E+26   2.8000000E+01   6.4000000E+01   0.0000000E+00   0.0000000E+00
   2.9038258E-07   4.8204621E+08   1.4636732E+26   2.8000000E+01   6.4000000E+01   0.0000000E+00   0.0000000E+00
   3.0990731E-07   5.1446949E+08   1.5947952E+26   2.8000000E+01   6.4000000E+01   0.0000000E+00   0.0000000E+00
   3.3074484E-07   5.4907389E+08   1.7375123E+26   2.8000000E+01   6.4000000E+01   0.0000000E+00   0.0000000E+00
   3.5298344E-07   5.8600614E+08   1.8928394E+26   2.8000000E+01   6.4000000E+01   0.0000000E+00   0.0000000E+00
   3.7671732E-07   6.2542287E+08   2.0618796E+26   2.8000000E+01   6.4000000E+01   0.0000000E+00   0.0000000E+00
   4.0204702E-07   6.6749123E+08   2.2458320E+26   2.8000000E+01   6.4000000E+01   0.0000000E+00   0.0000000E+00
   4.2907983E-07   7.1238964E+08   2.4459997E+26   2.8000000E+01   6.4000000E+01   0.0000000E+00   0.0000000E+00
   4.5793028E-07   7.6030851E+08   2.6637990E+26   2.8000000E+01   6.4000000E+01   0.0000000E+00   0.0000000E+00
   4.8872057E-07   8.1145108E+08   2.9007694E+26   2.8000000E+01   6.4000000E+01   0.0000000E+00   0.0000000E+00
   5.2158113E-07   8.6603423E+08   3.1585837E+26   2.8000000E+01   6.4000000E+01   0.0000000E+00   0.0000000E+00
   5.5665117E-07   9.2428948E+08   3.4390601E+26   2.8000000E+01   6.4000000E+01   0.0000000E+00   0.0000000E+00
   5.9407925E-07   9.8646392E+08   3.7441746E+26   2.8000000E+01   6.4000000E+01   0.0000000E+00   0.0000000E+00
   6.3402391E-07   1.0528212E+09   4.0760746E+26   2.8000000E+01   6.4000000E+01   0.0000000E+00   0.0000000E+00
   6.7665438E-07   1.1236429E+09   4.4370938E+26   2.8000000E+01   6.4000000E+01   0.0000000E+00   0.0000000E+00
   7.2215122E-07   1.1992293E+09   4.8297685E+26   2.8000000E+01   6.4000000E+01   0.0000000E+00   0.0000000E+00
   7.7070718E-07   1.2799011E+09   5.2568550E+26   2.8000000E+01   6.4000000E+01   0.0000000E+00   0.0000000E+00
   8.2252795E-07   1.3660005E+09   5.7213484E+26   2.8000000E+01   6.6000000E+01   0.0000000E+00   0.0000000E+00
   8.7783303E-07   1.4578927E+09   6.2265041E+26   2.8000000E+01   6.6000000E+01   0.0000000E+00   0.0000000E+00
   9.3685672E-07   1.5559674E+09   6.7758594E+26   3.6000000E+01   8.6000000E+01   0.0000000E+00   0.0000000E+00
   9.9984903E-07   1.6606409E+09   7.3732587E+26   3.6000000E+01   8.6000000E+01   0.0000000E+00   0.0000000E+00
   1.0670768E-06   1.7723570E+09   8.0228798E+26   3.6000000E+01   8.6000000E+01   0.0000000E+00   0.0000000E+00
   1.1388249E-06   1.8915898E+09   8.7292628E+26   3.6000000E+01   8.6000000E+01   0.0000000E+00   0.0000000E+00
   1.2153971E-06   2.0188450E+09   9.4973417E+26   3.6000000E+01   8.6000000E+01   0.0000000E+00   0.0000000E+00
   1.2971179E-06   2.1546627E+09   1.0332478E+27   3.6000000E+01   8.6000000E+01   0.0000000E+00   0.0000000E+00
   1.3843334E-06   2.2996190E+09   1.1240500E+27   3.6000000E+01   8.6000000E+01   0.0000000E+00   0.0000000E+00
   1.4774132E-06   2.4543288E+09   1.2227739E+27   3.6000000E+01   8.6000000E+01   0.0000000E+00   0.0000000E+00
   1.5767514E-06   2.6194488E+09   1.3301078E+27   3.6000000E+01   8.6000000E+01   0.0000000E+00   0.0000000E+00
   1.6827689E-06   2.7956794E+09   1.4467995E+27   3.6000000E+01   8.6000000E+01   0.0000000E+00   0.0000000E+00
   1.7959148E-06   2.9837684E+09   1.5736618E+27   3.6000000E+01   8.6000000E+01   0.0000000E+00   0.0000000E+00
   1.9166684E-06   3.1845139E+09   1.7115780E+27   3.4000000E+01   8.4000000E+01   0.0000000E+00   0.0000000E+00
   2.0455413E-06   3.3987678E+09   1.8615080E+27   3.4000000E+01   8.4000000E+01   0.0000000E+00   0.0000000E+00
   2.1830793E-06   3.6274393E+09   2.0244951E+27   3.4000000E+01   8.4000000E+01   0.0000000E+00   0.0000000E+00
   2.3298650E-06   3.8714986E+09   2.2016729E+27   3.4000000E+01   8.4000000E+01   0.0000000E+00   0.0000000E+00
   2.4865203E-06   4.1319817E+09   2.3942735E+27   3.4000000E+01   8.4000000E+01   0.0000000E+00   0.0000000E+00
   2.6537088E-06   4.4099939E+09   2.6036358E+27   3.4000000E+01   8.4000000E+01   0.0000000E+00   0.0000000E+00
   2.8321388E-06   4.7067151E+09   2.8312149E+27   3.4000000E+01   8.4000000E+01   0.0000000E+00   0.0000000E+00
   3.0225659E-06   5.0234046E+09   3.0785918E+27   3.4000000E+01   8.4000000E+01   0.0000000E+00   0.0000000E+00
   3.2257970E-06   5.3614065E+09   3.3474849E+27   3.4000000E+01   8.4000000E+01   0.0000000E+00   0.0000000E+00
   3.4426930E-06   5.7221556E+09   3.6397614E+27   3.4000000E+01   8.4000000E+01   0.0000000E+00   0.0000000E+00
   3.6741726E-06   6.1071829E+09   3.9574501E+27   3.4000000E+01   8.4000000E+01   0.0000000E+00   0.0000000E+00
   3.9212164E-06   6.5181230E+09   4.3027556E+27   3.4000000E+01   8.4000000E+01   0.0000000E+00   0.0000000E+00
   4.1848709E-06   6.9567200E+09   4.6780734E+27   3.4000000E+01   8.4000000E+01   0.0000000E+00   0.0000000E+00
   4.4662530E-06   7.4248360E+09   5.0860060E+27   3.4000000E+01   8.4000000E+01   0.0000000E+00   0.0000000E+00
   4.7665546E-06   7.9244581E+09   5.5293808E+27   3.4000000E+01   8.4000000E+01   0.0000000E+00   0.0000000E+00
   5.0870479E-06   8.4577075E+09   6.0112695E+27   3.4000000E+01   8.4000000E+01   0.0000000E+00   0.0000000E+00
   5.4290906E-06   9.0268480E+09   6.5350085E+27   3.4000000E+01   8.4000000E+01   0.0000000E+00   0.0000000E+00
   5.7941314E-06   9.6342962E+09   7.1042218E+27   3.4000000E+01   8.4000000E+01   0.0000000E+00   0.0000000E+00
   6.1837169E-06   1.0282631E+10   7.7228450E+27   3.4000000E+01   8.4000000E+01   0.0000000E+00   0.0000000E+00
   6.5994973E-06   1.0974606E+10   8.3951519E+27   3.4000000E+01   8.4000000E+01   0.0000000E+00   0.0000000E+00
   7.0432339E-06   1.1713159E+10   9.1257826E+27   3.2000000E+01   8.2000000E+01   0.0000000E+00   0.0000000E+00
   7.5168064E-06   1.2501426E+10   9.9197741E+27   3.2000000E+01   8.2000000E+01   0.0000000E+00   0.0000000E+00
   8.0222210E-06   1.3342755E+10   1.0782593E+28   3.2000000E+01   8.2000000E+01   0.0000000E+00   0.0000000E+00
   8.5616186E-06   1.4240720E+10   1.1720173E+28   3.2000000E+01   8.2000000E+01   0.0000000E+00   0.0000000E+00
   9.1372842E-06   1.5199133E+10   1.2738949E+28   3.2000000E+01   8.2000000E+01   0.0000000E+00   0.0000000E+00
   9.7516564E-06   1.6222066E+10   1.3845901E+28   3.2000000E+01   8.2000000E+01   0.0000000E+00   0.0000000E+00
   1.0407338E-05   1.7313864E+10   1.5048598E+28   3.2000000E+01   8.2000000E+01   0.0000000E+00   0.0000000E+00
   1.1107106E-05   1.8479164E+10   1.6355243E+28   3.2000000E+01   8.2000000E+01   0.0000000E+00   0.0000000E+00
   1.1853925E-05   1.9722917E+10   1.7774725E+28   3.2000000E+01   8.2000000E+01   0.0000000E+00   0.0000000E+00
   1.2650958E-05   2.1050407E+10   1.9316672E+28   3.2000000E+01   8.2000000E+01   0.0000000E+00   0.0000000E+00
   1.3501582E-05   2.2467274E+10   2.0991504E+28   3.2000000E+01   8.2000000E+01   0.0000000E+00   0.0000000E+00
   1.4409401E-05   2.3979539E+10   2.2810499E+28   3.2000000E+01   8.2000000E+01   0.0000000E+00   0.0000000E+00
   1.5378259E-05   2.5593626E+10   2.4785854E+28   3.2000000E+01   8.2000000E+01   0.0000000E+00   0.0000000E+00
   1.6412262E-05   2.7316396E+10   2.6930748E+28   3.2000000E+01   8.2000000E+01   0.0000000E+00   0.0000000E+00
   1.7515789E-05   2.9155168E+10   2.9259420E+28   3.0000000E+01   8.0000000E+01   0.0000000E+00   0.0000000E+00
   1.8693514E-05   3.1117759E+10   3.1787233E+28   3.0000000E+01   8.0000000E+01   0.0000000E+00   0.0000000E+00
   1.9950428E-05   3.3212509E+10   3.4530758E+28   3.0000000E+01   8.0000000E+01   0.0000000E+00   0.0000000E+00
   2.1291853E-05   3.5448323E+10   3.7507850E+28   3.0000000E+01   8.0000000E+01   0.0000000E+00   0.0000000E+00
   2.2723474E-05   3.7834704E+10   4.0737729E+28   3.0000000E+01   8.0000000E+01   0.0000000E+00   0.0000000E+00
   2.4251353E-05   4.0381798E+10   4.4241064E+28   3.0000000E+01   8.0000000E+01   0.0000000E+00   0.0000000E+00
   2.5881964E-05   4.3100432E+10   4.8040055E+28   3.0000000E+01   8.0000000E+01   0.0000000E+00   0.0000000E+00
   2.7622214E-05   4.6002165E+10   5.2158523E+28   3.0000000E+01   8.0000000E+01   0.0000000E+00   0.0000000E+00
   2.9479475E-05   4.9099335E+10   5.6621992E+28   3.0000000E+01   8.0000000E+01   0.0000000E+00   0.0000000E+00
   3.1461614E-05   5.2405111E+10   6.1457775E+28   2.8000000E+01   7.6000000E+01   0.0000000E+00   0.0000000E+00
   3.3577028E-05   5.5933550E+10   6.6695057E+28   2.8000000E+01   7.6000000E+01   0.0000000E+00   0.0000000E+00
   3.5834678E-05   5.9699658E+10   7.2364980E+28   2.8000000E+01   7.6000000E+01   0.0000000E+00   0.0000000E+00
   3.8244128E-05   6.3719449E+10   7.8500717E+28   2.8000000E+01   7.8000000E+01   0.0000000E+00   0.0000000E+00
   4.0815585E-05   6.8010021E+10   8.5137558E+28   2.8000000E+01   7.8000000E+01   0.0000000E+00   0.0000000E+00
   4.3559941E-05   7.2589620E+10   9.2312980E+28   2.8000000E+01   7.8000000E+01   0.0000000E+00   0.0000000E+00
   4.6488821E-05   7.7477725E+10   1.0006673E+29   2.8000000E+01   8.0000000E+01   0.0000000E+00   0.0000000E+00
   4.9614634E-05   8.2695126E+10   1.0844091E+29   2.8000000E+01   8.0000000E+01   0.0000000E+00   0.0000000E+00
   5.2950620E-05   8.8264015E+10   1.1748006E+29   2.8000000E+01   8.0000000E+01   0.0000000E+00   0.0000000E+00
   5.6510910E-05   9.4208078E+10   1.2723128E+29   2.8000000E+01   8.0000000E+01   0.0000000E+00   0.0000000E+00
   6.0310587E-05   1.0055260E+11   1.3774435E+29   2.8000000E+01   8.0000000E+01   0.0000000E+00   0.0000000E+00
   6.4365747E-05   1.0732456E+11   1.4907197E+29   2.8000000E+01   8.0000000E+01   0.0000000E+00   0.0000000E+00
   6.8693567E-05   1.1455277E+11   1.6126996E+29   2.8000000E+01   8.0000000E+01   0.0000000E+00   0.0000000E+00
   7.3312381E-05   1.2226797E+11   1.7439769E+29   2.8000000E+01   8.0000000E+01   0.0000000E+00   0.0000000E+00
   7.8241755E-05   1.3050298E+11   1.8851860E+29   4.2000000E+01   1.2400000E+02   0.0000000E+00   0.0000000E+00
   8.3502569E-05   1.3929282E+11   2.0370100E+29   4.2000000E+01   1.2400000E+02   0.0000000E+00   0.0000000E+00
   8.9117110E-05   1.4867486E+11   2.2001911E+29   4.2000000E+01   1.2400000E+02   0.0000000E+00   0.0000000E+00
   9.5109161E-05   1.5868902E+11   2.3755464E+29   4.2000000E+01   1.2400000E+02   0.0000000E+00   0.0000000E+00
   1.0150411E-04   1.6937787E+11   2.5639883E+29   4.2000000E+01   1.2400000E+02   0.0000000E+00   0.0000000E+00
   1.0832903E-04   1.8078687E+11   2.7665540E+29   4.2000000E+01   1.2400000E+02   0.0000000E+00   0.0000000E+00
   1.1561285E-04   1.9296453E+11   2.9844425E+29   4.0000000E+01   1.2200000E+02   0.0000000E+00   0.0000000E+00
   1.2338642E-04   2.0596261E+11   3.2190634E+29   4.0000000E+01   1.2200000E+02   0.0000000E+00   0.0000000E+00
   1.3168267E-04   2.1983638E+11   3.4720967E+29   4.0000000E+01   1.2200000E+02   0.0000000E+00   0.0000000E+00
   1.4053674E-04   2.3464480E+11   3.7455579E+29   3.8000000E+01   1.2000000E+02   0.0000000E+00   0.0000000E+00
   1.4998614E-04   2.5045083E+11   4.0418579E+29   3.8000000E+01   1.2000000E+02   0.0000000E+00   0.0000000E+00
   1.6007090E-04   2.6732164E+11   4.3638247E+29   3.8000000E+01   1.2200000E+02   0.0000000E+00   0.0000000E+00
   1.7083374E-04   2.8532891E+11   4.7146226E+29   3.8000000E+01   1.2200000E+02   0.0000000E+00   0.0000000E+00
   1.8232025E-04   3.0454917E+11   5.0974468E+29   3.8000000E+01   1.2200000E+02   0.0000000E+00   0.0000000E+00
   1.9457909E-04   3.2506408E+11   5.5147988E+29   3.8000000E+01   1.2200000E+02   0.0000000E+00   0.0000000E+00
   2.0766219E-04   3.4696078E+11   5.9671033E+29   3.8000000E+01   1.2200000E+02   0.0000000E+00   0.0000000E+00
   2.2162496E-04   3.7033230E+11   6.4505573E+29   3.8000000E+01   1.2400000E+02   0.0000000E+00   0.0000000E+00
   2.3652657E-04   3.9527790E+11   6.9546669E+29   3.8000000E+01   1.2200000E+02   0.0000000E+00   0.0000000E+00
   2.5243013E-04   4.2190352E+11   7.4610380E+29   3.8000000E+01   1.2200000E+02   0.0000000E+00   0.0000000E+00
   2.6940301E-04   4.5032225E+11   7.9458761E+29   4.0000000E+01   1.3513548E+02   2.2204460E-16   0.0000000E+00
   2.7702898E-04   4.6309176E+11   8.1415198E+29   3.9999966E+01   1.3539495E+02   1.8121118E-02   0.0000000E+00
   2.8487082E-04   4.7622327E+11   8.3277996E+29   3.9999952E+01   1.3564457E+02   3.5966797E-02   0.0000000E+00
   2.9293464E-04   4.8972705E+11   8.5039790E+29   3.9999941E+01   1.3588475E+02   5.3536330E-02   0.0000000E+00
   3.0122671E-04   5.0361365E+11   8.6698699E+29   3.9999931E+01   1.3611587E+02   7.0829344E-02   0.0000000E+00
   3.0975351E-04   5.1789389E+11   8.8258259E+29   3.9999923E+01   1.3633835E+02   8.7845748E-02   0.0000000E+00
   3.1852168E-04   5.3257895E+11   8.9726823E+29   3.9999915E+01   1.3655257E+02   1.0458569E-01   0.0000000E+00
   3.2753805E-04   5.4768028E+11   9.1116542E+29   3.9999907E+01   1.3675894E+02   1.2104956E-01   0.0000000E+00
   3.3680964E-04   5.6320967E+11   9.2442137E+29   3.9999900E+01   1.3695786E+02   1.3723793E-01   0.0000000E+00
   3.4634369E-04   5.7917927E+11   9.3719651E+29   3.9999893E+01   1.3714973E+02   1.5315160E-01   0.0000000E+00
   3.5614761E-04   5.9560152E+11   9.4965331E+29   3.9999886E+01   1.3733496E+02   1.6879154E-01   0.0000000E+00
   3.6622906E-04   6.1248927E+11   9.6194753E+29   3.9999880E+01   1.3751395E+02   1.8415892E-01   0.0000000E+00
   3.7659587E-04   6.2985569E+11   9.7422207E+29   3.9999874E+01   1.3768711E+02   1.9925507E-01   0.0000000E+00
   3.8725614E-04   6.4771435E+11   9.8660348E+29   3.9999868E+01   1.3785486E+02   2.1408148E-01   0.0000000E+00
   3.9821817E-04   6.6607918E+11   9.9920059E+29   3.9999861E+01   1.3801760E+02   2.2863982E-01   0.0000000E+00
   4.0949050E-04   6.8496453E+11   1.0121048E+30   3.9999855E+01   1.3817573E+02   2.4293189E-01   0.0000000E+00
   4.2108192E-04   7.0438515E+11   1.0253913E+30   3.9999850E+01   1.3832967E+02   2.5695963E-01   0.0000000E+00
   4.3300145E-04   7.2435619E+11   1.0391213E+30   3.9999844E+01   1.3847982E+02   2.7072512E-01   0.0000000E+00
   4.4525839E-04   7.4489324E+11   1.0533439E+30   3.9999838E+01   1.3862659E+02   2.8423056E-01   0.0000000E+00
   4.5786228E-04   7.6601235E+11   1.0680986E+30   3.9999832E+01   1.3877037E+02   2.9747827E-01   0.0000000E+00
   4.7082295E-04   7.8773000E+11   1.0834174E+30   3.9999826E+01   1.3891157E+02   3.1047069E-01   0.0000000E+00
   4.8415050E-04   8.1006315E+11   1.0993264E+30   3.9999821E+01   1.3905057E+02   3.2321034E-01   0.0000000E+00
   4.9785531E-04   8.3302922E+11   1.1158477E+30   3.9999815E+01   1.3918779E+02   3.3569987E-01   0.0000000E+00
   5.1194806E-04   8.5664616E+11   1.1330006E+30   3.9999809E+01   1.3932359E+02   3.4794200E-01   0.0000000E+00
   5.2643974E-04   8.8093239E+11   1.1508027E+30   3.9999804E+01   1.3945837E+02   3.5993953E-01   0.0000000E+00
   5.4134163E-04   9.0590688E+11   1.1692710E+30   3.9999798E+01   1.3959250E+02   3.7169534E-01   0.0000000E+00
   5.5666534E-04   9.3158912E+11   1.1884223E+30   3.9999792E+01   1.3972636E+02   3.8321240E-01   0.0000000E+00
   5.7242282E-04   9.5799917E+11   1.2082739E+30   3.9999786E+01   1.3986033E+02   3.9449371E-01   0.0000000E+00
   5.8862635E-04   9.8515764E+11   1.2288441E+30   3.9999781E+01   1.3999475E+02   4.0554235E-01   0.0000000E+00
   6.0528855E-04   1.0130857E+12   1.2501524E+30   3.9999775E+01   1.4012999E+02   4.1636145E-01   0.0000000E+00
   6.2242241E-04   1.0418052E+12   1.2722201E+30   3.9999769E+01   1.4026640E+02   4.2695419E-01   0.0000000E+00
   6.4004127E-04   1.0713386E+12   1.2950698E+30   3.9999763E+01   1.4040433E+02   4.3732379E-01   0.0000000E+00
   6.5815887E-04   1.1017089E+12   1.3187263E+30   3.9999758E+01   1.4054410E+02   4.4747350E-01   0.0000000E+00
   6.7678932E-04   1.1329398E+12   1.3432162E+30   3.9999752E+01   1.4068606E+02   4.5740661E-01   0.0000000E+00
   6.9594714E-04   1.1650556E+12   1.3685682E+30   3.9999746E+01   1.4083052E+02   4.6712643E-01   0.0000000E+00
   7.1564726E-04   1.1980816E+12   1.3948131E+30   3.9999740E+01   1.4097779E+02   4.7663630E-01   0.0000000E+00
   7.3590503E-04   1.2320433E+12   1.4219840E+30   3.9999734E+01   1.4112818E+02   4.8593958E-01   0.0000000E+00
   7.5673624E-04   1.2669675E+12   1.4501159E+30   3.9999728E+01   1.4128199E+02   4.9503962E-01   0.0000000E+00
   7.7815711E-04   1.3028812E+12   1.4792465E+30   3.9999722E+01   1.4143951E+02   5.0393980E-01   0.0000000E+00
   8.0018435E-04   1.3398127E+12   1.5094154E+30   3.9999716E+01   1.4160101E+02   5.1264351E-01   0.0000000E+00
   8.2283510E-04   1.3777906E+12   1.5406647E+30   3.9999709E+01   1.4176677E+02   5.2115414E-01   0.0000000E+00
   8.4612703E-04   1.4168447E+12   1.5730388E+30   3.9999703E+01   1.4193704E+02   5.2947506E-01   0.0000000E+00
   8.7007828E-04   1.4570053E+12   1.6065843E+30   3.9999697E+01   1.4211208E+02   5.3760966E-01   0.0000000E+00
   8.9470752E-04   1.4983040E+12   1.6413506E+30   3.9999690E+01   1.4229213E+02   5.4556130E-01   0.0000000E+00
   9.2003394E-04   1.5407729E+12   1.6773893E+30   3.9999684E+01   1.4247741E+02   5.5333335E-01   0.0000000E+00
   9.4607726E-04   1.5844452E+12   1.7147544E+30   3.9999677E+01   1.4266815E+02   5.6092915E-01   0.0000000E+00
   9.7285780E-04   1.6293550E+12   1.7535027E+30   3.9999671E+01   1.4286456E+02   5.6835203E-01   0.0000000E+00
   1.0003964E-03   1.6755374E+12   1.7936935E+30   3.9999664E+01   1.4306684E+02   5.7560530E-01   0.0000000E+00
   1.0287146E-03   1.7230283E+12   1.8353888E+30   3.9999658E+01   1.4327516E+02   5.8269225E-01   0.0000000E+00
   1.0578343E-03   1.7718649E+12   1.8786531E+30   3.9999651E+01   1.4348972E+02   5.8961616E-01   0.0000000E+00
   1.0877783E-03   1.8220854E+12   1.9235540E+30   3.9999644E+01   1.4371066E+02   5.9638025E-01   0.0000000E+00
   1.1185700E-03   1.8737288E+12   1.9701618E+30   3.9999637E+01   1.4393815E+02   6.0298775E-01   0.0000000E+00
   1.1502333E-03   1.9268356E+12   2.0185499E+30   3.9999630E+01   1.4417233E+02   6.0944185E-01   0.0000000E+00
   1.1827928E-03   1.9814473E+12   2.0687945E+30   3.9999623E+01   1.4441332E+02   6.1574569E-01   0.0000000E+00
   1.2162740E-03   2.0376064E+12   2.1209750E+30   3.9999616E+01   1.4466124E+02   6.2190241E-01   0.0000000E+00
   1.2507030E-03   2.0953568E+12   2.1751742E+30   3.9999608E+01   1.4491620E+02   6.2791508E-01   0.0000000E+00
   1.2861066E-03   2.1547436E+12   2.2314780E+30   3.9999601E+01   1.4517829E+02   6.3378677E-01   0.0000000E+00
   1.3225123E-03   2.2158132E+12   2.2899759E+30   3.9999593E+01   1.4544758E+02   6.3952050E-01   0.0000000E+00
   1.3599485E-03   2.2786133E+12   2.3507606E+30   3.9999586E+01   1.4572414E+02   6.4511925E-01   0.0000000E+00
   1.3984445E-03   2.3431928E+12   2.4139289E+30   3.9999578E+01   1.4600803E+02   6.5058596E-01   0.0000000E+00
   1.4380302E-03   2.4096024E+12   2.4795811E+30   3.9999570E+01   1.4629929E+02   6.5592355E-01   0.0000000E+00
   1.4787364E-03   2.4778937E+12   2.5478213E+30   3.9999562E+01   1.4659794E+02   6.6113487E-01   0.0000000E+00
   1.5205948E-03   2.5481202E+12   2.6187579E+30   3.9999554E+01   1.4690399E+02   6.6622276E-01   0.0000000E+00
   1.5636382E-03   2.6203366E+12   2.6925033E+30   3.9999546E+01   1.4721746E+02   6.7119000E-01   0.0000000E+00
   1.6079000E-03   2.6945995E+12   2.7691741E+30   3.9999538E+01   1.4753833E+02   6.7603934E-01   0.0000000E+00
   1.6534147E-03   2.7709667E+12   2.8488916E+30   3.9999529E+01   1.4786656E+02   6.8077349E-01   0.0000000E+00
   1.7002178E-03   2.8494980E+12   2.9317814E+30   3.9999521E+01   1.4820213E+02   6.8539510E-01   0.0000000E+00
   1.7483457E-03   2.9302546E+12   3.0179741E+30   3.9999512E+01   1.4854498E+02   6.8990680E-01   0.0000000E+00
   1.7978360E-03   3.0132997E+12   3.1076050E+30   3.9999503E+01   1.4889504E+02   6.9431116E-01   0.0000000E+00
   1.8487272E-03   3.0986981E+12   3.2008146E+30   3.9999494E+01   1.4925224E+02   6.9861073E-01   0.0000000E+00
   1.9010589E-03   3.1865166E+12   3.2977485E+30   3.9999485E+01   1.4961648E+02   7.0280799E-01   0.0000000E+00
   1.9548721E-03   3.2768236E+12   3.3985578E+30   3.9999476E+01   1.4998767E+02   7.0690540E-01   0.0000000E+00
   2.0102085E-03   3.3696898E+12   3.5033992E+30   3.9999467E+01   1.5036567E+02   7.1090536E-01   0.0000000E+00
   2.0671113E-03   3.4651878E+12   3.6124351E+30   3.9999457E+01   1.5075037E+02   7.1481024E-01   0.0000000E+00
   2.1256249E-03   3.5633920E+12   3.7258338E+30   3.9999448E+01   1.5114161E+02   7.1862236E-01   0.0000000E+00
   2.1857948E-03   3.6643793E+12   3.8437699E+30   3.9999438E+01   1.5153924E+02   7.2234401E-01   0.0000000E+00
   2.2476679E-03   3.7682285E+12   3.9664240E+30   3.9999428E+01   1.5194310E+02   7.2597743E-01   0.0000000E+00
   2.3112924E-03   3.8750208E+12   4.0939835E+30   3.9999417E+01   1.5235300E+02   7.2952481E-01   0.0000000E+00
   2.3767180E-03   3.9848396E+12   4.2266425E+30   3.9999407E+01   1.5276874E+02   7.3298830E-01   0.0000000E+00
   2.4439956E-03   4.0977708E+12   4.3646018E+30   3.9999396E+01   1.5319014E+02   7.3637003E-01   0.0000000E+00
   2.5131776E-03   4.2139024E+12   4.5080695E+30   3.9999386E+01   1.5361696E+02   7.3967207E-01   0.0000000E+00
   2.5843179E-03   4.3333254E+12   4.6572610E+30   3.9999375E+01   1.5404900E+02   7.4289645E-01   0.0000000E+00
   2.6574720E-03   4.4561330E+12   4.8123992E+30   3.9999364E+01   1.5448600E+02   7.4604516E-01   0.0000000E+00
   2.7326968E-03   4.5824212E+12   4.9737148E+30   3.9999352E+01   1.5492772E+02   7.4912016E-01   0.0000000E+00
   2.8100511E-03   4.7122887E+12   5.1414464E+30   3.9999341E+01   1.5537392E+02   7.5212336E-01   0.0000000E+00
   2.8895950E-03   4.8458369E+12   5.3158410E+30   3.9999329E+01   1.5582431E+02   7.5505664E-01   0.0000000E+00
   2.9713905E-03   4.9831703E+12   5.4971536E+30   3.9999317E+01   1.5627864E+02   7.5792183E-01   0.0000000E+00
   3.0555014E-03   5.1243962E+12   5.6856483E+30   3.9999305E+01   1.5673661E+02   7.6072073E-01   0.0000000E+00
   3.1419932E-03   5.2696249E+12   5.8815978E+30   3.9999292E+01   1.5719794E+02   7.6345510E-01   0.0000000E+00
   3.2309334E-03   5.4189700E+12   6.0852840E+30   3.9999279E+01   1.5766234E+02   7.6612667E-01   0.0000000E+00
   3.3223912E-03   5.5725482E+12   6.2969981E+30   3.9999266E+01   1.5812950E+02   7.6873712E-01   0.0000000E+00
   3.4164378E-03   5.7304796E+12   6.5170408E+30   3.9999253E+01   1.5859912E+02   7.7128810E-01   0.0000000E+00
   3.5131467E-03   5.8928876E+12   6.7457226E+30   3.9999239E+01   1.5907088E+02   7.7378123E-01   0.0000000E+00
   3.6125931E-03   6.0598992E+12   6.9833642E+30   3.9999225E+01   1.5954447E+02   7.7621808E-01   0.0000000E+00
   3.7148544E-03   6.2316450E+12   7.2302964E+30   3.9999211E+01   1.6001957E+02   7.7860020E-01   0.0000000E+00
   3.8200105E-03   6.4082591E+12   7.4868604E+30   3.9999197E+01   1.6049586E+02   7.8092911E-01   0.0000000E+00
   3.9281433E-03   6.5898798E+12   7.7534085E+30   3.9999182E+01   1.6097301E+02   7.8320627E-01   0.0000000E+00
   4.0393369E-03   6.7766491E+12   8.0303037E+30   3.9999167E+01   1.6145071E+02   7.8543314E-01   0.0000000E+00
   4.1536781E-03   6.9687129E+12   8.3179203E+30   3.9999151E+01   1.6192864E+02   7.8761112E-01   0.0000000E+00
   4.2712560E-03   7.1662214E+12   8.6166441E+30   3.9999136E+01   1.6240646E+02   7.8974159E-01   0.0000000E+00
   4.3921621E-03   7.3693292E+12   8.9268724E+30   3.9999119E+01   1.6288386E+02   7.9182590E-01   0.0000000E+00
   4.5164906E-03   7.5781950E+12   9.2490149E+30   3.9999103E+01   1.6336053E+02   7.9386537E-01   0.0000000E+00
   4.6443386E-03   7.7929823E+12   9.5834932E+30   3.9999086E+01   1.6383615E+02   7.9586128E-01   0.0000000E+00
   4.7758055E-03   8.0138589E+12   9.9307414E+30   3.9999069E+01   1.6431042E+02   7.9781489E-01   0.0000000E+00
   4.9109939E-03   8.2409977E+12   1.0291206E+31   3.9999051E+01   1.6478304E+02   7.9972742E-01   0.0000000E+00
   5.0500090E-03   8.4745763E+12   1.0665348E+31   3.9999032E+01   1.6525371E+02   8.0160007E-01   0.0000000E+00
   5.1929592E-03   8.7147774E+12   1.1053639E+31   3.9999014E+01   1.6572214E+02   8.0343401E-01   0.0000000E+00
   5.3399559E-03   8.9617890E+12   1.1456567E+31   3.9998994E+01   1.6618807E+02   8.0523037E-01   0.0000000E+00
   5.4911136E-03   9.2158043E+12   1.1874632E+31   3.9998975E+01   1.6665123E+02   8.0699028E-01   0.0000000E+00
   5.6465501E-03   9.4770219E+12   1.2308348E+31   3.9998954E+01   1.6711137E+02   8.0871481E-01   0.0000000E+00
   5.8063866E-03   9.7456464E+12   1.2758245E+31   3.9998934E+01   1.6756824E+02   8.1040502E-01   0.0000000E+00
   5.9707475E-03   1.0021888E+13   1.3224866E+31   3.9998912E+01   1.6802162E+02   8.1206195E-01   0.0000000E+00
   6.1397610E-03   1.0305963E+13   1.3708771E+31   3.9998890E+01   1.6847129E+02   8.1368659E-01   0.0000000E+00
   6.3135587E-03   1.0598093E+13   1.4210533E+31   3.9998868E+01   1.6891706E+02   8.1527994E-01   0.0000000E+00
   6.4922761E-03   1.0898507E+13   1.4730743E+31   3.9998844E+01   1.6935875E+02   8.1684293E-01   0.0000000E+00
   6.6760525E-03   1.1207440E+13   1.5270007E+31   3.9998820E+01   1.6979619E+02   8.1837652E-01   0.0000000E+00
   6.8650310E-03   1.1525134E+13   1.5828949E+31   3.9998795E+01   1.7022924E+02   8.1988159E-01   0.0000000E+00
   7.0593589E-03   1.1851838E+13   1.6408209E+31   3.9998770E+01   1.7065779E+02   8.2135904E-01   0.0000000E+00
   7.2591876E-03   1.2187808E+13   1.7008445E+31   3.9998743E+01   1.7108172E+02   8.2280971E-01   0.0000000E+00
   7.4646729E-03   1.2533305E+13   1.7630334E+31   3.9998716E+01   1.7150095E+02   8.2423445E-01   0.0000000E+00
   7.6759748E-03   1.2888602E+13   1.8274573E+31   3.9998688E+01   1.7191542E+02   8.2563407E-01   0.0000000E+00
   7.8932580E-03   1.3253975E+13   1.8941875E+31   3.9998659E+01   1.7232510E+02   8.2700935E-01   0.0000000E+00
   8.1166918E-03   1.3629712E+13   1.9632978E+31   3.9998629E+01   1.7272997E+02   8.2836107E-01   0.0000000E+00
   8.3464504E-03   1.4016105E+13   2.0348640E+31   3.9998598E+01   1.7313004E+02   8.2968997E-01   0.0000000E+00
   8.5827127E-03   1.4413459E+13   2.1089640E+31   3.9998565E+01   1.7352536E+02   8.3099676E-01   0.0000000E+00
   8.8256629E-03   1.4822084E+13   2.1856782E+31   3.9998532E+01   1.7391598E+02   8.3228217E-01   0.0000000E+00
   9.0754902E-03   1.5242299E+13   2.2650895E+31   3.9998497E+01   1.7430199E+02   8.3354685E-01   0.0000000E+00
   9.3323894E-03   1.5674435E+13   2.3472835E+31   3.9998460E+01   1.7468350E+02   8.3479149E-01   0.0000000E+00
   9.5965606E-03   1.6118829E+13   2.4323484E+31   3.9998423E+01   1.7506066E+02   8.3601671E-01   0.0000000E+00
   9.8682097E-03   1.6575830E+13   2.5203757E+31   3.9998383E+01   1.7543363E+02   8.3722313E-01   0.0000000E+00
   1.0147548E-02   1.7045795E+13   2.6114598E+31   3.9998342E+01   1.7580261E+02   8.3841136E-01   0.0000000E+00
   1.0434794E-02   1.7529093E+13   2.7056985E+31   3.9998299E+01   1.7616781E+02   8.3958197E-01   0.0000000E+00
   1.0730171E-02   1.8026103E+13   2.8031935E+31   3.9998255E+01   1.7652948E+02   8.4073552E-01   0.0000000E+00
   1.1033909E-02   1.8537213E+13   2.9040502E+31   3.9998208E+01   1.7688790E+02   8.4187256E-01   0.0000000E+00
   1.1346245E-02   1.9062824E+13   3.0083784E+31   3.9998158E+01   1.7724335E+02   8.4299360E-01   0.0000000E+00
   1.1667422E-02   1.9603349E+13   3.1162925E+31   3.9998107E+01   1.7759617E+02   8.4409915E-01   0.0000000E+00
   1.1997691E-02   2.0159210E+13   3.2279118E+31   3.9998052E+01   1.7794668E+02   8.4518969E-01   0.0000000E+00
   1.2337309E-02   2.0730843E+13   3.3433611E+31   3.9997995E+01   1.7829526E+02   8.4626567E-01   0.0000000E+00
   1.2686540E-02   2.1318696E+13   3.4627712E+31   3.9997934E+01   1.7864229E+02   8.4732755E-01   0.0000000E+00
   1.3045657E-02   2.1923230E+13   3.5862792E+31   3.9997871E+01   1.7898817E+02   8.4837576E-01   0.0000000E+00
   1.3414940E-02   2.2544918E+13   3.7140294E+31   3.9997803E+01   1.7933332E+02   8.4941069E-01   0.0000000E+00
   1.3794675E-02   2.3184249E+13   3.8461739E+31   3.9997731E+01   1.7967815E+02   8.5043275E-01   0.0000000E+00
   1.4185160E-02   2.3841722E+13   3.9828731E+31   3.9997655E+01   1.8002312E+02   8.5144229E-01   0.0000000E+00
   1.4586698E-02   2.4517853E+13   4.1242969E+31   3.9997573E+01   1.8036865E+02   8.5243968E-01   0.0000000E+00
   1.4999603E-02   2.5213173E+13   4.2706251E+31   3.9997487E+01   1.8071518E+02   8.5342524E-01   0.0000000E+00
   1.5424195E-02   2.5928227E+13   4.4220490E+31   3.9997394E+01   1.8106315E+02   8.5439930E-01   0.0000000E+00
   1.5860807E-02   2.6663574E+13   4.5787722E+31   3.9997294E+01   1.8141299E+02   8.5536214E-01   0.0000000E+00
   1.6309777E-02   2.7419792E+13   4.7410117E+31   3.9997187E+01   1.8176508E+02   8.5631406E-01   0.0000000E+00
   1.6771457E-02   2.8197473E+13   4.9089995E+31   3.9997072E+01   1.8211982E+02   8.5725531E-01   0.0000000E+00
   1.7246205E-02   2.8997228E+13   5.0829838E+31   3.9996948E+01   1.8247754E+02   8.5818613E-01   0.0000000E+00
   1.7734392E-02   2.9819682E+13   5.2632311E+31   3.9996813E+01   1.8283854E+02   8.5910676E-01   0.0000000E+00
   1.8236398E-02   3.0665482E+13   5.4500274E+31   3.9996667E+01   1.8320305E+02   8.6001740E-01   0.0000000E+00
   1.8752615E-02   3.1535291E+13   5.6436806E+31   3.9996508E+01   1.8357125E+02   8.6091823E-01   0.0000000E+00
   1.9283443E-02   3.2429790E+13   5.8445224E+31   3.9996334E+01   1.8394321E+02   8.6180943E-01   0.0000000E+00
   1.9829298E-02   3.3349681E+13   6.0529111E+31   3.9996144E+01   1.8431893E+02   8.6269116E-01   0.0000000E+00
   2.0390605E-02   3.4295685E+13   6.2692334E+31   3.9995935E+01   1.8469827E+02   8.6356355E-01   0.0000000E+00
   2.0967800E-02   3.5268545E+13   6.4939082E+31   3.9995705E+01   1.8508095E+02   8.6442671E-01   0.0000000E+00
   2.1561334E-02   3.6269024E+13   6.7273889E+31   3.9995451E+01   1.8546655E+02   8.6528075E-01   0.0000000E+00
   2.2171669E-02   3.7297906E+13   6.9701673E+31   3.9995170E+01   1.8585444E+02   8.6612575E-01   0.0000000E+00
   2.2799281E-02   3.8355999E+13   7.2227771E+31   3.9994857E+01   1.8624378E+02   8.6696176E-01   0.0000000E+00
   2.3444658E-02   3.9444132E+13   7.4857982E+31   3.9994509E+01   1.8663352E+02   8.6778885E-01   0.0000000E+00
   2.4108304E-02   4.0563159E+13   7.7598609E+31   3.9994120E+01   1.8702230E+02   8.6860702E-01   0.0000000E+00
   2.4790736E-02   4.1713959E+13   8.0456508E+31   3.9993683E+01   1.8740845E+02   8.6941630E-01   0.0000000E+00
   2.5492485E-02   4.2897434E+13   8.3439143E+31   3.9993191E+01   1.8778999E+02   8.7021668E-01   0.0000000E+00
   2.6214099E-02   4.4114513E+13   8.6554641E+31   3.9992636E+01   1.8816452E+02   8.7100813E-01   0.0000000E+00
   2.6956140E-02   4.5366152E+13   8.9811858E+31   3.9992006E+01   1.8852923E+02   8.7179061E-01   0.0000000E+00
   2.7719185E-02   4.6653332E+13   9.3220447E+31   3.9991290E+01   1.8888084E+02   8.7256406E-01   0.0000000E+00
   2.8503830E-02   4.7977064E+13   9.6790929E+31   3.9990473E+01   1.8921555E+02   8.7332841E-01   0.0000000E+00
   2.9310685E-02   4.9338387E+13   1.0053478E+32   3.9989537E+01   1.8952902E+02   8.7408356E-01   0.0000000E+00
   3.0140381E-02   5.0738370E+13   1.0446452E+32   3.9988461E+01   1.8981630E+02   8.7482942E-01   0.0000000E+00
   3.0993562E-02   5.2178113E+13   1.0859380E+32   3.9987219E+01   1.9007183E+02   8.7556587E-01   0.0000000E+00
   3.1870894E-02   5.3658747E+13   1.1293751E+32   3.9985778E+01   1.9028937E+02   8.7629279E-01   0.0000000E+00
   3.2773061E-02   5.5181434E+13   1.1751189E+32   3.9984102E+01   1.9046200E+02   8.7701003E-01   0.0000000E+00
   3.3700766E-02   5.6747371E+13   1.2233466E+32   3.9982142E+01   1.9058210E+02   8.7771747E-01   0.0000000E+00
   3.4654731E-02   5.8357789E+13   1.2742513E+32   1.9979854E+01   9.5310615E+01   8.7842781E-01   0.0000000E+00
   3.5635700E-02   6.0013955E+13   1.3280435E+32   1.9977141E+01   9.5303981E+01   8.7911690E-01   0.0000000E+00
   3.6644436E-02   6.1717170E+13   1.3849524E+32   1.9973925E+01   9.5257375E+01   8.7979614E-01   0.0000000E+00
   3.7681728E-02   6.3468774E+13   1.4452274E+32   1.9970091E+01   9.5165645E+01   8.8046555E-01   0.0000000E+00
   3.8748381E-02   6.5270147E+13   1.5091398E+32   1.9965493E+01   9.5023389E+01   8.8112522E-01   0.0000000E+00
   3.9845229E-02   6.7122707E+13   1.5769841E+32   1.9959947E+01   9.4825000E+01   8.8177539E-01   0.0000000E+00
   4.0973125E-02   6.9027913E+13   1.6490795E+32   1.9953212E+01   9.4564736E+01   8.8241647E-01   0.0000000E+00
   4.2132948E-02   7.0987266E+13   1.7257714E+32   1.9944975E+01   9.4236781E+01   8.8304919E-01   0.0000000E+00
   4.3325602E-02   7.3002312E+13   1.8074324E+32   1.9934823E+01   9.3835304E+01   8.8367469E-01   0.0000000E+00
   4.4552016E-02   7.5074641E+13   1.8944628E+32   1.9922201E+01   9.3354488E+01   8.8429475E-01   0.0000000E+00
   4.5813146E-02   7.7205890E+13   1.9872913E+32   1.9906362E+01   9.2788504E+01   8.8491215E-01   0.0000000E+00
   4.7109976E-02   7.9397743E+13   2.0863737E+32   1.9886273E+01   9.2131375E+01   8.8553116E-01   0.0000000E+00
   4.8443514E-02   8.1651934E+13   2.1921914E+32   1.9860493E+01   9.1376641E+01   8.8615832E-01   0.0000000E+00
   4.9814801E-02   8.3970248E+13   2.3052474E+32   1.9826966E+01   9.0516696E+01   8.8680380E-01   0.0000000E+00
   5.1224904E-02   8.6354523E+13   2.4260612E+32   1.9782692E+01   8.9541571E+01   8.8748338E-01   0.0000000E+00
   5.2674924E-02   8.8806651E+13   2.5551600E+32   1.9723195E+01   8.8436763E+01   8.8822192E-01   0.0000000E+00
   5.4165989E-02   9.1328581E+13   2.6930679E+32   2.0641248E+01   9.1556022E+01   8.8903760E-01   0.0000000E+00
   5.5699261E-02   9.3922318E+13   2.8402935E+32   3.9520561E+01   1.7193079E+02   8.8975877E-01   0.0000000E+00
   5.7275936E-02   9.6589930E+13   2.9973186E+32   3.9349663E+01   1.6868851E+02   8.9091778E-01   0.0000000E+00
   5.8897241E-02   9.9333546E+13   3.1645969E+32   3.9091178E+01   1.6479408E+02   8.9246443E-01   0.0000000E+00
   6.0564441E-02   1.0215536E+14   3.3425794E+32   2.6526075E+01   1.1085220E+02   8.9502095E-01   0.0000000E+00
   6.2278834E-02   1.0505763E+14   3.5318016E+32   2.6236916E+01   1.0762108E+02   8.9847748E-01   0.0000000E+00
   6.4041756E-02   1.0804270E+14   3.7330861E+32   2.5431271E+01   1.0225439E+02   9.0395925E-01   0.0000000E+00
   6.5854581E-02   1.1111295E+14   3.9479321E+32   2.3495935E+01   9.3007030E+01   9.1310359E-01   0.0000000E+00
   6.7718721E-02   1.1427087E+14   4.1791297E+32   1.8769556E+01   7.5839037E+01   9.2919328E-01   0.0000000E+00
   6.9635630E-02   1.1751901E+14   4.4314823E+32   8.6665897E+00   4.4522090E+01   9.5793164E-01   0.0000000E+00
   7.1606800E-02   1.2086000E+14   4.7122121E+32   0.0000000E+00   0.0000000E+00   9.7182532E-01   0.0000000E+00
   7.2808066E-02   1.2289653E+14   4.8967240E+32   0.0000000E+00   0.0000000E+00   9.7143077E-01   0.0000000E+00
   7.4029484E-02   1.2496759E+14   5.0965233E+32   0.0000000E+00   0.0000000E+00   9.7103347E-01   0.0000000E+00
   7.5271393E-02   1.2707380E+14   5.3134033E+32   0.0000000E+00   0.0000000E+00   9.7063346E-01   0.0000000E+00
   7.6534135E-02   1.2921575E+14   5.5487857E+32   0.0000000E+00   0.0000000E+00   9.7023076E-01   0.0000000E+00
   7.7818062E-02   1.3139408E+14   5.8036238E+32   0.0000000E+00   0.0000000E+00   9.6982542E-01   0.0000000E+00
   7.9123527E-02   1.3360942E+14   6.0784120E+32   0.0000000E+00   0.0000000E+00   9.6941746E-01   0.0000000E+00
   8.0450893E-02   1.3586242E+14   6.3732869E+32   0.0000000E+00   0.0000000E+00   9.6900692E-01   0.0000000E+00
   8.1800526E-02   1.3815374E+14   6.6881822E+32   0.0000000E+00   0.0000000E+00   9.6859382E-01   0.0000000E+00
   8.3172800E-02   1.4048406E+14   7.0229897E+32   0.0000000E+00   0.0000000E+00   9.6817819E-01   0.0000000E+00
   8.4568096E-02   1.4285406E+14   7.3776907E+32   0.0000000E+00   0.0000000E+00   9.6776006E-01   0.0000000E+00
   8.5986799E-02   1.4526444E+14   7.7524418E+32   0.0000000E+00   0.0000000E+00   9.6733946E-01   0.0000000E+00
   8.7429302E-02   1.4771592E+14   8.1476183E+32   0.0000000E+00   0.0000000E+00   9.6691640E-01   0.0000000E+00
   8.8896004E-02   1.5020923E+14   8.5638233E+32   0.0000000E+00   0.0000000E+00   9.6649092E-01   0.0000000E+00
   9.0387311E-02   1.5274511E+14   9.0018775E+32   0.0000000E+00   0.0000000E+00   9.6606302E-01   0.0000000E+00
   9.1903637E-02   1.5532431E+14   9.4627987E+32   0.0000000E+00   0.0000000E+00   9.6563273E-01   0.0000000E+00
   9.3445400E-02   1.5794763E+14   9.9477793E+32   0.0000000E+00   0.0000000E+00   9.6520006E-01   0.0000000E+00
   9.5013027E-02   1.6061583E+14   1.0458166E+33   0.0000000E+00   0.0000000E+00   9.6476502E-01   0.0000000E+00
   9.6606953E-02   1.6332973E+14   1.0995442E+33   0.0000000E+00   0.0000000E+00   9.6432761E-01   0.0000000E+00
   9.8227618E-02   1.6609016E+14   1.1561216E+33   0.0000000E+00   0.0000000E+00   9.6388784E-01   0.0000000E+00
   9.9875471E-02   1.6889795E+14   1.2157213E+33   0.0000000E+00   0.0000000E+00   9.6344570E-01   0.0000000E+00
   1.0155097E-01   1.7175396E+14   1.2785271E+33   0.0000000E+00   0.0000000E+00   9.6300119E-01   0.0000000E+00
   1.0325457E-01   1.7465906E+14   1.3447337E+33   0.0000000E+00   0.0000000E+00   9.6255430E-01   0.0000000E+00
   1.0498676E-01   1.7761415E+14   1.4145469E+33   0.0000000E+00   0.0000000E+00   9.6210501E-01   0.0000000E+00
   1.0674800E-01   1.8062015E+14   1.4881835E+33   0.0000000E+00   0.0000000E+00   9.6165329E-01   0.0000000E+00
   1.0853879E-01   1.8367797E+14   1.5658722E+33   0.0000000E+00   0.0000000E+00   9.6119913E-01   0.0000000E+00
   1.1035962E-01   1.8678859E+14   1.6478536E+33   0.0000000E+00   0.0000000E+00   9.6074248E-01   0.0000000E+00
   1.1221100E-01   1.8995296E+14   1.7343808E+33   0.0000000E+00   0.0000000E+00   9.6028331E-01   0.0000000E+00
   1.1409344E-01   1.9317209E+14   1.8257200E+33   0.0000000E+00   0.0000000E+00   9.5982156E-01   0.0000000E+00
   1.1600745E-01   1.9644699E+14   1.9221512E+33   0.0000000E+00   0.0000000E+00   9.5935719E-01   0.0000000E+00
   1.1795358E-01   1.9977870E+14   2.0239689E+33   0.0000000E+00   0.0000000E+00   9.5889012E-01   0.0000000E+00
   1.1993235E-01   2.0316828E+14   2.1314825E+33   0.0000000E+00   0.0000000E+00   9.5842029E-01   0.0000000E+00
   1.2194432E-01   2.0661682E+14   2.2450175E+33   0.0000000E+00   0.0000000E+00   9.5794761E-01   0.0000000E+00
   1.2399004E-01   2.1012543E+14   2.3649159E+33   0.0000000E+00   0.0000000E+00   9.5742151E-01   5.0493253E-05
   1.2607008E-01   2.1369524E+14   2.4915374E+33   0.0000000E+00   0.0000000E+00   9.5677670E-01   2.1666352E-04
   1.2818502E-01   2.1732741E+14   2.6252598E+33   0.0000000E+00   0.0000000E+00   9.5606569E-01   4.4589481E-04
   1.3033543E-01   2.2102314E+14   2.7664800E+33   0.0000000E+00   0.0000000E+00   9.5530376E-01   7.2279639E-04
   1.3252192E-01   2.2478363E+14   2.9156154E+33   0.0000000E+00   0.0000000E+00   9.5449887E-01   1.0392674E-03
   1.3474509E-01   2.2861014E+14   3.0731040E+33   0.0000000E+00   0.0000000E+00   9.5365614E-01   1.3900499E-03
   1.3700556E-01   2.3250393E+14   3.2394059E+33   0.0000000E+00   0.0000000E+00   9.5277920E-01   1.7713699E-03
   1.3930394E-01   2.3646630E+14   3.4150042E+33   0.0000000E+00   0.0000000E+00   9.5187075E-01   2.1803531E-03
   1.4164089E-01   2.4049860E+14   3.6004063E+33   0.0000000E+00   0.0000000E+00   9.5093292E-01   2.6147229E-03
   1.4401704E-01   2.4460219E+14   3.7961442E+33   0.0000000E+00   0.0000000E+00   9.4996735E-01   3.0726272E-03
   1.4643305E-01   2.4877846E+14   4.0027764E+33   0.0000000E+00   0.0000000E+00   9.4897538E-01   3.5525306E-03
   1.4888959E-01   2.5302884E+14   4.2208889E+33   0.0000000E+00   0.0000000E+00   9.4795810E-01   4.0531427E-03
   1.5138734E-01   2.5735482E+14   4.4510961E+33   0.0000000E+00   0.0000000E+00   9.4691638E-01   4.5733687E-03
   1.5392699E-01   2.6175788E+14   4.6940422E+33   0.0000000E+00   0.0000000E+00   9.4585091E-01   5.1122741E-03
   1.5650925E-01   2.6623957E+14   4.9504025E+33   0.0000000E+00   0.0000000E+00   9.4476224E-01   5.6690588E-03
   1.5913483E-01   2.7080147E+14   5.2208848E+33   0.0000000E+00   0.0000000E+00   9.4365079E-01   6.2430367E-03
   1.6180445E-01   2.7544520E+14   5.5062308E+33   0.0000000E+00   0.0000000E+00   9.4251688E-01   6.8336211E-03
   1.6451886E-01   2.8017242E+14   5.8072172E+33   0.0000000E+00   0.0000000E+00   9.4136071E-01   7.4403124E-03
   1.6727881E-01   2.8498482E+14   6.1246577E+33   0.0000000E+00   0.0000000E+00   9.4018239E-01   8.0626884E-03
   1.7008506E-01   2.8988416E+14   6.4594041E+33   0.0000000E+00   0.0000000E+00   9.3898196E-01   8.7003964E-03
   1.7293838E-01   2.9487222E+14   6.8123483E+33   0.0000000E+00   0.0000000E+00   9.3775938E-01   9.3531471E-03
   1.7583957E-01   2.9995085E+14   7.1844236E+33   0.0000000E+00   0.0000000E+00   9.3651451E-01   1.0020709E-02
   1.7878943E-01   3.0512191E+14   7.5766067E+33   0.0000000E+00   0.0000000E+00   9.3524719E-01   1.0702904E-02
   1.8178878E-01   3.1038736E+14   7.9899193E+33   0.0000000E+00   0.0000000E+00   9.3395716E-01   1.1399604E-02
   1.8483844E-01   3.1574917E+14   8.4254301E+33   0.0000000E+00   0.0000000E+00   9.3264410E-01   1.2110726E-02
   1.8793927E-01   3.2120939E+14   8.8842568E+33   0.0000000E+00   0.0000000E+00   9.3130767E-01   1.2836231E-02
   1.9109211E-01   3.2677010E+14   9.3675680E+33   0.0000000E+00   0.0000000E+00   9.2994742E-01   1.3576120E-02
   1.9429785E-01   3.3243345E+14   9.8765853E+33   0.0000000E+00   0.0000000E+00   9.2856290E-01   1.4330434E-02
   1.9755736E-01   3.3820166E+14   1.0412586E+34   0.0000000E+00   0.0000000E+00   9.2715358E-01   1.5099248E-02
   2.0087156E-01   3.4407699E+14   1.0976903E+34   0.0000000E+00   0.0000000E+00   9.2571889E-01   1.5882674E-02
   2.0424135E-01   3.5006177E+14   1.1570933E+34   0.0000000E+00   0.0000000E+00   9.2425821E-01   1.6680854E-02
   2.0766768E-01   3.5615839E+14   1.2196131E+34   0.0000000E+00   0.0000000E+00   9.2277090E-01   1.7493962E-02
   2.1115148E-01   3.6236932E+14   1.2854019E+34   0.0000000E+00   0.0000000E+00   9.2125626E-01   1.8322201E-02
   2.1469373E-01   3.6869709E+14   1.3546186E+34   0.0000000E+00   0.0000000E+00   9.1971354E-01   1.9165803E-02
   2.1829540E-01   3.7514431E+14   1.4274293E+34   0.0000000E+00   0.0000000E+00   9.1814198E-01   2.0025024E-02
   2.2195750E-01   3.8171364E+14   1.5040072E+34   0.0000000E+00   0.0000000E+00   9.1654078E-01   2.0900146E-02
   2.2568103E-01   3.8840785E+14   1.5845333E+34   0.0000000E+00   0.0000000E+00   9.1490910E-01   2.1791473E-02
   2.2946702E-01   3.9522976E+14   1.6691965E+34   0.0000000E+00   0.0000000E+00   9.1324608E-01   2.2699332E-02
   2.3331653E-01   4.0218230E+14   1.7581940E+34   0.0000000E+00   0.0000000E+00   9.1155083E-01   2.3624067E-02
   2.3723061E-01   4.0926846E+14   1.8517318E+34   0.0000000E+00   0.0000000E+00   9.0982243E-01   2.4566043E-02
   2.4121036E-01   4.1649134E+14   1.9500246E+34   0.0000000E+00   0.0000000E+00   9.0805995E-01   2.5525642E-02
   2.4525688E-01   4.2385411E+14   2.0532967E+34   0.0000000E+00   0.0000000E+00   9.0626244E-01   2.6503258E-02
   2.4937127E-01   4.3136006E+14   2.1617821E+34   0.0000000E+00   0.0000000E+00   9.0442894E-01   2.7499301E-02
   2.5355469E-01   4.3901255E+14   2.2757252E+34   0.0000000E+00   0.0000000E+00   9.0255847E-01   2.8514191E-02
   2.5780829E-01   4.4681507E+14   2.3953807E+34   0.0000000E+00   0.0000000E+00   9.0065004E-01   2.9548358E-02
   2.6213325E-01   4.5477120E+14   2.5210146E+34   0.0000000E+00   0.0000000E+00   8.9870267E-01   3.0602239E-02
   2.6653076E-01   4.6288462E+14   2.6529045E+34   0.0000000E+00   0.0000000E+00   8.9671537E-01   3.1676276E-02
   2.7100204E-01   4.7115916E+14   2.7913398E+34   0.0000000E+00   0.0000000E+00   8.9468715E-01   3.2770917E-02
   2.7554834E-01   4.7959873E+14   2.9366228E+34   0.0000000E+00   0.0000000E+00   8.9261704E-01   3.3886609E-02
   2.8017090E-01   4.8820738E+14   3.0890688E+34   0.0000000E+00   0.0000000E+00   8.9050406E-01   3.5023799E-02
   2.8487101E-01   4.9698928E+14   3.2490067E+34   0.0000000E+00   0.0000000E+00   8.8834727E-01   3.6182930E-02
   2.8964996E-01   5.0594875E+14   3.4167798E+34   0.0000000E+00   0.0000000E+00   8.8614574E-01   3.7364440E-02
   2.9450909E-01   5.1509023E+14   3.5927463E+34   0.0000000E+00   0.0000000E+00   8.8389856E-01   3.8568760E-02
   2.9944974E-01   5.2441830E+14   3.7772800E+34   0.0000000E+00   0.0000000E+00   8.8160486E-01   3.9796308E-02
   3.0447327E-01   5.3393771E+14   3.9707709E+34   0.0000000E+00   0.0000000E+00   8.7926379E-01   4.1047492E-02
   3.0958107E-01   5.4365334E+14   4.1736261E+34   0.0000000E+00   0.0000000E+00   8.7687455E-01   4.2322704E-02
   3.1477456E-01   5.5357023E+14   4.3862705E+34   0.0000000E+00   0.0000000E+00   8.7443637E-01   4.3622315E-02
   3.2005517E-01   5.6369361E+14   4.6091473E+34   0.0000000E+00   0.0000000E+00   8.7194856E-01   4.4946679E-02
   3.2542438E-01   5.7402887E+14   4.8427193E+34   0.0000000E+00   0.0000000E+00   8.6941044E-01   4.6296124E-02
   3.3088365E-01   5.8458156E+14   5.0874695E+34   0.0000000E+00   0.0000000E+00   8.6682142E-01   4.7670953E-02
   3.3643451E-01   5.9535745E+14   5.3439020E+34   0.0000000E+00   0.0000000E+00   8.6418097E-01   4.9071441E-02
   3.4207849E-01   6.0636247E+14   5.6125432E+34   0.0000000E+00   0.0000000E+00   8.6148862E-01   5.0497832E-02
   3.4781715E-01   6.1760278E+14   5.8939426E+34   0.0000000E+00   0.0000000E+00   8.5874396E-01   5.1950333E-02
   3.5365209E-01   6.2908474E+14   6.1886737E+34   0.0000000E+00   0.0000000E+00   8.5594670E-01   5.3429118E-02
   3.5958491E-01   6.4081491E+14   6.4973357E+34   0.0000000E+00   0.0000000E+00   8.5309658E-01   5.4934321E-02
   3.6561725E-01   6.5280011E+14   6.8205539E+34   0.0000000E+00   0.0000000E+00   8.5019346E-01   5.6466035E-02
   3.7175080E-01   6.6504738E+14   7.1589817E+34   0.0000000E+00   0.0000000E+00   8.4723730E-01   5.8024308E-02
   3.7798724E-01   6.7756398E+14   7.5133012E+34   0.0000000E+00   0.0000000E+00   8.4422812E-01   5.9609144E-02
   3.8432830E-01   6.9035747E+14   7.8842251E+34   0.0000000E+00   0.0000000E+00   8.4116606E-01   6.1220498E-02
   3.9077574E-01   7.0343565E+14   8.2724978E+34   0.0000000E+00   0.0000000E+00   8.3805136E-01   6.2858275E-02
   3.9733134E-01   7.1680659E+14   8.6788968E+34   0.0000000E+00   0.0000000E+00   8.3488437E-01   6.4522330E-02
   4.0399692E-01   7.3047867E+14   9.1042348E+34   0.0000000E+00   0.0000000E+00   8.3166555E-01   6.6212462E-02
   4.1077432E-01   7.4446056E+14   9.5493608E+34   0.0000000E+00   0.0000000E+00   8.2839545E-01   6.7928419E-02
   4.1766541E-01   7.5876123E+14   1.0015162E+35   0.0000000E+00   0.0000000E+00   8.2507476E-01   6.9669889E-02
   4.2467211E-01   7.7338999E+14   1.0502565E+35   0.0000000E+00   0.0000000E+00   8.2170426E-01   7.1436506E-02
   4.3179635E-01   7.8835648E+14   1.1012541E+35   0.0000000E+00   0.0000000E+00   8.1828486E-01   7.3227846E-02
   4.3904011E-01   8.0367069E+14   1.1546101E+35   0.0000000E+00   0.0000000E+00   8.1481759E-01   7.5043426E-02
   4.4640539E-01   8.1934300E+14   1.2104305E+35   0.0000000E+00   0.0000000E+00   8.1130359E-01   7.6882705E-02
   4.5389422E-01   8.3538414E+14   1.2688260E+35   0.0000000E+00   0.0000000E+00   8.0774412E-01   7.8745084E-02
   4.6150869E-01   8.5180526E+14   1.3299125E+35   0.0000000E+00   0.0000000E+00   8.0414053E-01   8.0629906E-02
   4.6925090E-01   8.6861792E+14   1.3938111E+35   0.0000000E+00   0.0000000E+00   8.0049433E-01   8.2536454E-02
   4.7712299E-01   8.8583410E+14   1.4606484E+35   0.0000000E+00   0.0000000E+00   7.9680710E-01   8.4463959E-02
   4.8512714E-01   9.0346624E+14   1.5305568E+35   0.0000000E+00   0.0000000E+00   7.9308056E-01   8.6411591E-02
   4.9326557E-01   9.2152726E+14   1.6036751E+35   0.0000000E+00   0.0000000E+00   7.8931651E-01   8.8378470E-02
   5.0154052E-01   9.4003056E+14   1.6801481E+35   0.0000000E+00   0.0000000E+00   7.8551687E-01   9.0363661E-02
   5.0995430E-01   9.5899004E+14   1.7601276E+35   0.0000000E+00   0.0000000E+00   7.8168366E-01   9.2366179E-02
   5.1850922E-01   9.7842016E+14   1.8437722E+35   0.0000000E+00   0.0000000E+00   7.7781898E-01   9.4384991E-02
   5.2720766E-01   9.9833589E+14   1.9312482E+35   0.0000000E+00   0.0000000E+00   7.7392502E-01   9.6419019E-02
   5.3605203E-01   1.0187528E+15   2.0227294E+35   0.0000000E+00   0.0000000E+00   7.7000408E-01   9.8467138E-02
   5.4504476E-01   1.0396871E+15   2.1183977E+35   0.0000000E+00   0.0000000E+00   7.6605850E-01   1.0052819E-01
   5.5418836E-01   1.0611556E+15   2.2184436E+35   0.0000000E+00   0.0000000E+00   7.6209071E-01   1.0260097E-01
   5.6348535E-01   1.0831758E+15   2.3230666E+35   0.0000000E+00   0.0000000E+00   7.5810321E-01   1.0468424E-01
   5.7293830E-01   1.1057657E+15   2.4324753E+35   0.0000000E+00   0.0000000E+00   7.5409854E-01   1.0677675E-01
   5.8254984E-01   1.1289443E+15   2.5468884E+35   0.0000000E+00   0.0000000E+00   7.5007930E-01   1.0887719E-01
   5.9232262E-01   1.1527312E+15   2.6665347E+35   0.0000000E+00   0.0000000E+00   7.4604812E-01   1.1098427E-01
   6.0225934E-01   1.1771467E+15   2.7916538E+35   0.0000000E+00   0.0000000E+00   7.4200769E-01   1.1309664E-01
   6.1236276E-01   1.2022120E+15   2.9224969E+35   0.0000000E+00   0.0000000E+00   7.3796069E-01   1.1521296E-01
   6.2263568E-01   1.2279491E+15   3.0593266E+35   0.0000000E+00   0.0000000E+00   7.3390985E-01   1.1733187E-01
   6.3308093E-01   1.2543811E+15   3.2024184E+35   0.0000000E+00   0.0000000E+00   7.2985789E-01   1.1945201E-01
   6.4370141E-01   1.2815317E+15   3.3520605E+35   0.0000000E+00   0.0000000E+00   7.2580753E-01   1.2157201E-01
   6.5450005E-01   1.3094256E+15   3.5085550E+35   0.0000000E+00   0.0000000E+00   7.2176150E-01   1.2369051E-01
   6.6547986E-01   1.3380888E+15   3.6722184E+35   0.0000000E+00   0.0000000E+00   7.1772249E-01   1.2580614E-01
   6.7664386E-01   1.3675480E+15   3.8433820E+35   0.0000000E+00   0.0000000E+00   7.1369320E-01   1.2791755E-01
   6.8799514E-01   1.3978313E+15   4.0223931E+35   0.0000000E+00   0.0000000E+00   7.0967627E-01   1.3002342E-01
   6.9953686E-01   1.4289676E+15   4.2096155E+35   0.0000000E+00   0.0000000E+00   7.0567431E-01   1.3212241E-01
   7.1127219E-01   1.4609872E+15   4.4054304E+35   0.0000000E+00   0.0000000E+00   7.0168990E-01   1.3421323E-01
   7.2320440E-01   1.4939216E+15   4.6102369E+35   0.0000000E+00   0.0000000E+00   6.9772555E-01   1.3629461E-01
   7.3533678E-01   1.5278037E+15   4.8244536E+35   0.0000000E+00   0.0000000E+00   6.9378371E-01   1.3836530E-01
   7.4767269E-01   1.5626675E+15   5.0485187E+35   0.0000000E+00   0.0000000E+00   6.8986678E-01   1.4042408E-01
   7.6021554E-01   1.5985487E+15   5.2828915E+35   0.0000000E+00   0.0000000E+00   6.8597708E-01   1.4246978E-01
   7.7296882E-01   1.6354843E+15   5.5280533E+35   0.0000000E+00   0.0000000E+00   6.8211686E-01   1.4450125E-01
   7.8593604E-01   1.6735128E+15   5.7845083E+35   0.0000000E+00   0.0000000E+00   6.7828829E-01   1.4651737E-01
   7.9912079E-01   1.7126745E+15   6.0527848E+35   0.0000000E+00   0.0000000E+00   6.7449344E-01   1.4851710E-01
   8.1252674E-01   1.7530112E+15   6.3334364E+35   0.0000000E+00   0.0000000E+00   6.7073432E-01   1.5049940E-01
   8.2615757E-01   1.7945665E+15   6.6270431E+35   0.0000000E+00   0.0000000E+00   6.6701281E-01   1.5246330E-01
   8.4001708E-01   1.8373859E+15   6.9342126E+35   0.0000000E+00   0.0000000E+00   6.6333074E-01   1.5440786E-01
   8.5410910E-01   1.8815168E+15   7.2555817E+35   0.0000000E+00   0.0000000E+00   6.5968980E-01   1.5633222E-01
   8.6843751E-01   1.9270084E+15   7.5918175E+35   0.0000000E+00   0.0000000E+00   6.5609160E-01   1.5823553E-01
   8.8300630E-01   1.9739123E+15   7.9436190E+35   0.0000000E+00   0.0000000E+00   6.5253767E-01   1.6011701E-01
   8.9781950E-01   2.0222820E+15   8.3117183E+35   0.0000000E+00   0.0000000E+00   6.4902939E-01   1.6197593E-01
   9.1288120E-01   2.0721735E+15   8.6968827E+35   0.0000000E+00   0.0000000E+00   6.4556808E-01   1.6381161E-01
   9.2819557E-01   2.1236450E+15   9.0999160E+35   0.0000000E+00   0.0000000E+00   6.4215493E-01   1.6562342E-01
   9.4376685E-01   2.1767573E+15   9.5216599E+35   0.0000000E+00   0.0000000E+00   6.3879106E-01   1.6741078E-01
   9.5959936E-01   2.2315737E+15   9.9629965E+35   0.0000000E+00   0.0000000E+00   6.3547745E-01   1.6917316E-01
   9.7569746E-01   2.2881603E+15   1.0424850E+36   0.0000000E+00   0.0000000E+00   6.3221500E-01   1.7091007E-01
   9.9206563E-01   2.3465860E+15   1.0908187E+36   0.0000000E+00   0.0000000E+00   6.2900450E-01   1.7262110E-01
   1.0087084E+00   2.4069226E+15   1.1414022E+36   0.0000000E+00   0.0000000E+00   6.2584667E-01   1.7430587E-01
   1.0256303E+00   2.4692450E+15   1.1943416E+36   0.0000000E+00   0.0000000E+00   6.2274210E-01   1.7596403E-01
   1.0428362E+00   2.5336314E+15   1.2497482E+36   0.0000000E+00   0.0000000E+00   6.1969131E-01   1.7759531E-01
   1.0603307E+00   2.6001634E+15   1.3077382E+36   0.0000000E+00   0.0000000E+00   6.1669471E-01   1.7919947E-01
   1.0781186E+00   2.6689259E+15   1.3684337E+36   0.0000000E+00   0.0000000E+00   6.1375263E-01   1.8077631E-01
   1.0962050E+00   2.7400078E+15   1.4319623E+36   0.0000000E+00   0.0000000E+00   6.1086533E-01   1.8232569E-01
   1.1145948E+00   2.8135016E+15   1.4984577E+36   0.0000000E+00   0.0000000E+00   6.0803296E-01   1.8384748E-01
   1.1332931E+00   2.8895039E+15   1.5680598E+36   0.0000000E+00   0.0000000E+00   6.0525561E-01   1.8534163E-01
   1.1523050E+00   2.9681155E+15   1.6409151E+36   0.0000000E+00   0.0000000E+00   6.0253329E-01   1.8680809E-01
   1.1716360E+00   3.0494417E+15   1.7171772E+36   0.0000000E+00   0.0000000E+00   5.9986593E-01   1.8824689E-01
   1.1912912E+00   3.1335921E+15   1.7970064E+36   0.0000000E+00   0.0000000E+00   5.9725340E-01   1.8965805E-01
   1.2112761E+00   3.2206813E+15   1.8805711E+36   0.0000000E+00   0.0000000E+00   5.9469550E-01   1.9104165E-01
   1.2315963E+00   3.3108290E+15   1.9680470E+36   0.0000000E+00   0.0000000E+00   5.9219198E-01   1.9239780E-01
   1.2522574E+00   3.4041600E+15   2.0596184E+36   0.0000000E+00   0.0000000E+00   5.8974250E-01   1.9372663E-01
   1.2732651E+00   3.5008044E+15   2.1554780E+36   0.0000000E+00   0.0000000E+00   5.8734669E-01   1.9502831E-01
   1.2946252E+00   3.6008985E+15   2.2558276E+36   0.0000000E+00   0.0000000E+00   5.8500414E-01   1.9630303E-01
   1.3163437E+00   3.7045840E+15   2.3608782E+36   0.0000000E+00   0.0000000E+00   5.8271436E-01   1.9755101E-01
   1.3384265E+00   3.8120093E+15   2.4708508E+36   0.0000000E+00   0.0000000E+00   5.8047683E-01   1.9877247E-01
   1.3608797E+00   3.9233290E+15   2.5859766E+36   0.0000000E+00   0.0000000E+00   5.7829099E-01   1.9996769E-01
   1.3837097E+00   4.0387049E+15   2.7064975E+36   0.0000000E+00   0.0000000E+00   5.7615625E-01   2.0113695E-01
   1.4069226E+00   4.1583055E+15   2.8326666E+36   0.0000000E+00   0.0000000E+00   5.7407197E-01   2.0228053E-01
   1.4305250E+00   4.2823071E+15   2.9647488E+36   0.0000000E+00   0.0000000E+00   5.7203749E-01   2.0339876E-01
   1.4545232E+00   4.4108936E+15   3.1030212E+36   0.0000000E+00   0.0000000E+00   5.7005210E-01   2.0449196E-01
   1.4789241E+00   4.5442570E+15   3.2477737E+36   0.0000000E+00   0.0000000E+00   5.6811509E-01   2.0556049E-01
   1.5037344E+00   4.6825981E+15   3.3993099E+36   0.0000000E+00   0.0000000E+00   5.6622572E-01   2.0660469E-01
   1.5289608E+00   4.8261263E+15   3.5579470E+36   0.0000000E+00   0.0000000E+00   5.6438322E-01   2.0762493E-01
   1.5546104E+00   4.9750605E+15   3.7240172E+36   0.0000000E+00   0.0000000E+00   5.6258680E-01   2.0862159E-01
   1.5806904E+00   5.1296291E+15   3.8978680E+36   0.0000000E+00   0.0000000E+00   5.6083568E-01   2.0959505E-01
   1.6072078E+00   5.2900709E+15   4.0798628E+36   0.0000000E+00   0.0000000E+00   5.5912904E-01   2.1054571E-01
   1.6341701E+00   5.4566353E+15   4.2703822E+36   0.0000000E+00   0.0000000E+00   5.5746606E-01   2.1147396E-01
   1.6615847E+00   5.6295825E+15   4.4698241E+36   0.0000000E+00   0.0000000E+00   5.5584591E-01   2.1238021E-01
   1.6894593E+00   5.8091848E+15   4.6786049E+36   0.0000000E+00   0.0000000E+00   5.5426774E-01   2.1326486E-01
   1.7178014E+00   5.9957263E+15   4.8971605E+36   0.0000000E+00   0.0000000E+00   5.5273073E-01   2.1412833E-01
   1.7466190E+00   6.1895039E+15   5.1259467E+36   0.0000000E+00   0.0000000E+00   5.5123403E-01   2.1497103E-01
   1.7759201E+00   6.3908277E+15   5.3654408E+36   0.0000000E+00   0.0000000E+00   5.4977678E-01   2.1579337E-01
   1.8057126E+00   6.6000218E+15   5.6161422E+36   0.0000000E+00   0.0000000E+00   5.4835814E-01   2.1659577E-01
   1.8360050E+00   6.8174247E+15   5.8785736E+36   0.0000000E+00   0.0000000E+00   5.4697727E-01   2.1737864E-01
   1.8668056E+00   7.0433901E+15   6.1532818E+36   0.0000000E+00   0.0000000E+00   5.4563333E-01   2.1814239E-01
   1.8981229E+00   7.2782876E+15   6.4408396E+36   0.0000000E+00   0.0000000E+00   5.4432547E-01   2.1888744E-01
   1.9299655E+00   7.5225032E+15   6.7418462E+36   0.0000000E+00   0.0000000E+00   5.4305287E-01   2.1961420E-01
   1.9623424E+00   7.7764404E+15   7.0569293E+36   0.0000000E+00   0.0000000E+00   5.4181470E-01   2.2032307E-01
