   5.9999999E-10   9.9520238E+05   2.1846482E+22   2.6000000E+01   5.6000000E+01   0.0000000E+00   0.0000000E+00
   6.4024593E-10   1.0619588E+06   2.4201216E+22   2.6000000E+01   5.6000000E+01   0.0000000E+00   0.0000000E+00
   6.8319143E-10   1.1331932E+06   2.6802178E+22   2.6000000E+01   5.6000000E+01   0.0000000E+00   0.0000000E+00
   7.2901756E-10   1.2092060E+06   2.9674348E+22   2.6000000E+01   5.6000000E+01   0.0000000E+00   0.0000000E+00
   7.7791755E-10   1.2903177E+06   3.2845170E+22   2.6000000E+01   5.6000000E+01   0.0000000E+00   0.0000000E+00
   8.3009758E-10   1.3768703E+06   3.6344783E+22   2.6000000E+01   5.6000000E+01   0.0000000E+00   0.0000000E+00
   8.8577767E-10   1.4692289E+06   4.0206284E+22   2.6000000E+01   5.6000000E+01   0.0000000E+00   0.0000000E+00
   9.4519259E-10   1.5677828E+06   4.4466006E+22   2.6000000E+01   5.6000000E+01   0.0000000E+00   0.0000000E+00
   1.0085929E-09   1.6729478E+06   4.9163829E+22   2.6000000E+01   5.6000000E+01   0.0000000E+00   0.0000000E+00
   1.0762458E-09   1.7851672E+06   5.4343517E+22   2.6000000E+01   5.6000000E+01   0.0000000E+00   0.0000000E+00
   1.1484367E-09   1.9049143E+06   6.0053083E+22   2.6000000E+01   5.6000000E+01   0.0000000E+00   0.0000000E+00
   1.2254699E-09   2.0326941E+06   6.6345197E+22   2.6000000E+01   5.6000000E+01   0.0000000E+00   0.0000000E+00
   1.3076702E-09   2.1690454E+06   7.3277621E+22   2.6000000E+01   5.6000000E+01   0.0000000E+00   0.0000000E+00
   1.3953842E-09   2.3145433E+06   8.0913691E+22   2.6000000E+01   5.6000000E+01   0.0000000E+00   0.0000000E+00
   1.4889817E-09   2.4698012E+06   8.9322845E+22   2.6000000E+01   5.6000000E+01   0.0000000E+00   0.0000000E+00
   1.5888575E-09   2.6354739E+06   9.8581187E+22   2.6000000E+01   5.6000000E+01   0.0000000E+00   0.0000000E+00
   1.6954326E-09   2.8122602E+06   1.0877212E+23   2.6000000E+01   5.6000000E+01   0.0000000E+00   0.0000000E+00
   1.8091564E-09   3.0009054E+06   1.1998704E+23   2.6000000E+01   5.6000000E+01   0.0000000E+00   0.0000000E+00
   1.9305084E-09   3.2022052E+06   1.3232603E+23   2.6000000E+01   5.6000000E+01   0.0000000E+00   0.0000000E+00
   2.0600003E-09   3.4170085E+06   1.4589876E+23   2.6000000E+01   5.6000000E+01   0.0000000E+00   0.0000000E+00
   2.1981780E-09   3.6462210E+06   1.6082530E+23   2.6000000E+01   5.6000000E+01   0.0000000E+00   0.0000000E+00
   2.3456242E-09   3.8908096E+06   1.7723711E+23   2.6000000E+01   5.6000000E+01   0.0000000E+00   0.0000000E+00
   2.5029606E-09   4.1518056E+06   1.9527812E+23   2.6000000E+01   5.6000000E+01   0.0000000E+00   0.0000000E+00
   2.6708506E-09   4.4303097E+06   2.1510584E+23   2.6000000E+01   5.6000000E+01   0.0000000E+00   0.0000000E+00
   2.8500021E-09   4.7274964E+06   2.3689266E+23   2.6000000E+01   5.6000000E+01   0.0000000E+00   0.0000000E+00
   3.0411704E-09   5.0446191E+06   2.6082721E+23   2.6000000E+01   5.6000000E+01   0.0000000E+00   0.0000000E+00
   3.2451617E-09   5.3830151E+06   2.8711582E+23   2.6000000E+01   5.6000000E+01   0.0000000E+00   0.0000000E+00
   3.4628360E-09   5.7441117E+06   3.1598421E+23   2.6000000E+01   5.6000000E+01   0.0000000E+00   0.0000000E+00
   3.6951111E-09   6.1294315E+06   3.4767921E+23   2.6000000E+01   5.6000000E+01   0.0000000E+00   0.0000000E+00
   3.9429664E-09   6.5405998E+06   3.8247074E+23   2.6000000E+01   5.6000000E+01   0.0000000E+00   0.0000000E+00
   4.2074471E-09   6.9793505E+06   4.2065390E+23   2.6000000E+01   5.6000000E+01   0.0000000E+00   0.0000000E+00
   4.4896682E-09   7.4475341E+06   4.6255127E+23   2.6000000E+01   5.6000000E+01   0.0000000E+00   0.0000000E+00
   4.7908197E-09   7.9471251E+06   5.0851544E+23   2.6000000E+01   5.6000000E+01   0.0000000E+00   0.0000000E+00
   5.1121714E-09   8.4802304E+06   5.5893173E+23   2.8000000E+01   6.2000000E+01   0.0000000E+00   0.0000000E+00
   5.4550782E-09   9.0490985E+06   6.1422116E+23   2.8000000E+01   6.2000000E+01   0.0000000E+00   0.0000000E+00
   5.8209861E-09   9.6561286E+06   6.7484369E+23   2.8000000E+01   6.2000000E+01   0.0000000E+00   0.0000000E+00
   6.2114379E-09   1.0303881E+07   7.4130180E+23   2.8000000E+01   6.2000000E+01   0.0000000E+00   0.0000000E+00
   6.6280798E-09   1.0995087E+07   8.1414427E+23   2.8000000E+01   6.2000000E+01   0.0000000E+00   0.0000000E+00
   7.0726686E-09   1.1732663E+07   8.9397043E+23   2.8000000E+01   6.2000000E+01   0.0000000E+00   0.0000000E+00
   7.5470788E-09   1.2519719E+07   9.8143471E+23   2.8000000E+01   6.2000000E+01   0.0000000E+00   0.0000000E+00
   8.0533109E-09   1.3359575E+07   1.0772516E+24   2.8000000E+01   6.2000000E+01   0.0000000E+00   0.0000000E+00
   8.5934993E-09   1.4255773E+07   1.1822010E+24   2.8000000E+01   6.2000000E+01   0.0000000E+00   0.0000000E+00
   9.1699217E-09   1.5212092E+07   1.2971344E+24   2.8000000E+01   6.2000000E+01   0.0000000E+00   0.0000000E+00
   9.7850085E-09   1.6232567E+07   1.4229808E+24   2.8000000E+01   6.2000000E+01   0.0000000E+00   0.0000000E+00
   1.0441353E-08   1.7321502E+07   1.5607542E+24   2.8000000E+01   6.2000000E+01   0.0000000E+00   0.0000000E+00
   1.1141723E-08   1.8483490E+07   1.7115608E+24   2.8000000E+01   6.2000000E+01   0.0000000E+00   0.0000000E+00
   1.1889072E-08   1.9723431E+07   1.8766076E+24   2.8000000E+01   6.2000000E+01   0.0000000E+00   0.0000000E+00
   1.2686550E-08   2.1046556E+07   2.0572113E+24   2.8000000E+01   6.2000000E+01   0.0000000E+00   0.0000000E+00
   1.3537520E-08   2.2458446E+07   2.2548078E+24   2.8000000E+01   6.2000000E+01   0.0000000E+00   0.0000000E+00
   1.4445570E-08   2.3965055E+07   2.4709635E+24   2.8000000E+01   6.2000000E+01   0.0000000E+00   0.0000000E+00
   1.5414529E-08   2.5572740E+07   2.7073861E+24   2.8000000E+01   6.2000000E+01   0.0000000E+00   0.0000000E+00
   1.6448483E-08   2.7288280E+07   2.9659381E+24   2.8000000E+01   6.2000000E+01   0.0000000E+00   0.0000000E+00
   1.7551791E-08   2.9118914E+07   3.2486497E+24   2.8000000E+01   6.2000000E+01   0.0000000E+00   0.0000000E+00
   1.8729105E-08   3.1072361E+07   3.5577344E+24   2.8000000E+01   6.2000000E+01   0.0000000E+00   0.0000000E+00
   1.9985388E-08   3.3156863E+07   3.8956049E+24   2.8000000E+01   6.2000000E+01   0.0000000E+00   0.0000000E+00
   2.1325940E-08   3.5381213E+07   4.2648908E+24   2.8000000E+01   6.2000000E+01   0.0000000E+00   0.0000000E+00
   2.2756410E-08   3.7754793E+07   4.6684579E+24   2.8000000E+01   6.2000000E+01   0.0000000E+00   0.0000000E+00
   2.4282832E-08   4.0287616E+07   5.1094292E+24   2.8000000E+01   6.2000000E+01   0.0000000E+00   0.0000000E+00
   2.5911641E-08   4.2990366E+07   5.5912074E+24   2.8000000E+01   6.2000000E+01   0.0000000E+00   0.0000000E+00
   2.7649705E-08   4.5874445E+07   6.1174999E+24   2.8000000E+01   6.2000000E+01   0.0000000E+00   0.0000000E+00
   2.9504352E-08   4.8952019E+07   6.6923453E+24   2.8000000E+01   6.2000000E+01   0.0000000E+00   0.0000000E+00
   3.1483402E-08   5.2236070E+07   7.3201433E+24   2.8000000E+01   6.2000000E+01   0.0000000E+00   0.0000000E+00
   3.3595201E-08   5.5740454E+07   8.0056858E+24   2.8000000E+01   6.2000000E+01   0.0000000E+00   0.0000000E+00
   3.5848651E-08   5.9479953E+07   8.7541917E+24   2.8000000E+01   6.2000000E+01   0.0000000E+00   0.0000000E+00
   3.8253255E-08   6.3470343E+07   9.5713447E+24   2.8000000E+01   6.2000000E+01   0.0000000E+00   0.0000000E+00
   4.0819152E-08   6.7728458E+07   1.0463334E+25   2.8000000E+01   6.2000000E+01   0.0000000E+00   0.0000000E+00
   4.3557161E-08   7.2272263E+07   1.1436898E+25   2.8000000E+01   6.2000000E+01   0.0000000E+00   0.0000000E+00
   4.6478825E-08   7.7120928E+07   1.2499374E+25   2.8000000E+01   6.2000000E+01   0.0000000E+00   0.0000000E+00
   4.9596465E-08   8.2294907E+07   1.3658750E+25   2.8000000E+01   6.2000000E+01   0.0000000E+00   0.0000000E+00
   5.2923225E-08   8.7816029E+07   1.4923721E+25   2.8000000E+01   6.2000000E+01   0.0000000E+00   0.0000000E+00
   5.6473133E-08   9.3707589E+07   1.6303751E+25   2.8000000E+01   6.2000000E+01   0.0000000E+00   0.0000000E+00
   6.0261157E-08   9.9994442E+07   1.7809143E+25   2.8000000E+01   6.2000000E+01   0.0000000E+00   0.0000000E+00
   6.4303268E-08   1.0670311E+08   1.9451108E+25   2.8000000E+01   6.2000000E+01   0.0000000E+00   0.0000000E+00
   6.8616510E-08   1.1386191E+08   2.1241847E+25   2.8000000E+01   6.2000000E+01   0.0000000E+00   0.0000000E+00
   7.3219070E-08   1.2150104E+08   2.3194638E+25   2.8000000E+01   6.2000000E+01   0.0000000E+00   0.0000000E+00
   7.8130353E-08   1.2965272E+08   2.5323929E+25   2.8000000E+01   6.2000000E+01   0.0000000E+00   0.0000000E+00
   8.3371068E-08   1.3835136E+08   2.7645439E+25   2.8000000E+01   6.2000000E+01   0.0000000E+00   0.0000000E+00
   8.8963313E-08   1.4763365E+08   3.0176270E+25   2.8000000E+01   6.2000000E+01   0.0000000E+00   0.0000000E+00
   9.4930666E-08   1.5753877E+08   3.2935028E+25   2.8000000E+01   6.2000000E+01   0.0000000E+00   0.0000000E+00
   1.0129829E-07   1.6810851E+08   3.5941953E+25   2.8000000E+01   6.2000000E+01   0.0000000E+00   0.0000000E+00
   1.0809303E-07   1.7938747E+08   3.9219062E+25   2.8000000E+01   6.2000000E+01   0.0000000E+00   0.0000000E+00
   1.1534354E-07   1.9142324E+08   4.2790303E+25   2.8000000E+01   6.2000000E+01   0.0000000E+00   0.0000000E+00
   1.2308039E-07   2.0426661E+08   4.6681721E+25   2.8000000E+01   6.2000000E+01   0.0000000E+00   0.0000000E+00
   1.3133620E-07   2.1797177E+08   5.0921646E+25   2.8000000E+01   6.2000000E+01   0.0000000E+00   0.0000000E+00
   1.4014578E-07   2.3259656E+08   5.5540884E+25   2.8000000E+01   6.2000000E+01   0.0000000E+00   0.0000000E+00
   1.4954627E-07   2.4820270E+08   6.0572938E+25   2.8000000E+01   6.2000000E+01   0.0000000E+00   0.0000000E+00
   1.5957732E-07   2.6485604E+08   6.6054236E+25   2.8000000E+01   6.2000000E+01   0.0000000E+00   0.0000000E+00
   1.7028122E-07   2.8262686E+08   7.2024393E+25   2.8000000E+01   6.4000000E+01   0.0000000E+00   0.0000000E+00
   1.8170310E-07   3.0159016E+08   7.8526478E+25   2.8000000E+01   6.4000000E+01   0.0000000E+00   0.0000000E+00
   1.9389112E-07   3.2182596E+08   8.5607320E+25   2.8000000E+01   6.4000000E+01   0.0000000E+00   0.0000000E+00
   2.0689667E-07   3.4341967E+08   9.3317832E+25   2.8000000E+01   6.4000000E+01   0.0000000E+00   0.0000000E+00
   2.2077458E-07   3.6646241E+08   1.0171336E+26   2.8000000E+01   6.4000000E+01   0.0000000E+00   0.0000000E+00
   2.3558338E-07   3.9105144E+08   1.1085408E+26   2.8000000E+01   6.4000000E+01   0.0000000E+00   0.0000000E+00
   2.5138551E-07   4.1729053E+08   1.2080539E+26   2.8000000E+01   6.4000000E+01   0.0000000E+00   0.0000000E+00
   2.6824758E-07   4.4529044E+08   1.3163840E+26   2.8000000E+01   6.4000000E+01   0.0000000E+00   0.0000000E+00
   2.8624071E-07   4.7516933E+08   1.4343038E+26   2.8000000E+01   6.4000000E+01   0.0000000E+00   0.0000000E+00
   3.0544075E-07   5.0705332E+08   1.5626534E+26   2.8000000E+01   6.4000000E+01   0.0000000E+00   0.0000000E+00
   3.2592867E-07   5.4107698E+08   1.7023458E+26   2.8000000E+01   6.4000000E+01   0.0000000E+00   0.0000000E+00
   3.4779084E-07   5.7738392E+08   1.8543732E+26   2.8000000E+01   6.4000000E+01   0.0000000E+00   0.0000000E+00
   3.7111945E-07   6.1612739E+08   2.0198139E+26   2.8000000E+01   6.4000000E+01   0.0000000E+00   0.0000000E+00
   3.9601287E-07   6.5747094E+08   2.1998401E+26   2.8000000E+01   6.4000000E+01   0.0000000E+00   0.0000000E+00
   4.2257605E-07   7.0158907E+08   2.3957252E+26   2.8000000E+01   6.4000000E+01   0.0000000E+00   0.0000000E+00
   4.5092100E-07   7.4866802E+08   2.6088534E+26   2.8000000E+01   6.4000000E+01   0.0000000E+00   0.0000000E+00
   4.8116723E-07   7.9890652E+08   2.8407286E+26   2.8000000E+01   6.4000000E+01   0.0000000E+00   0.0000000E+00
   5.1344227E-07   8.5251665E+08   3.0929852E+26   2.8000000E+01   6.4000000E+01   0.0000000E+00   0.0000000E+00
   5.4788221E-07   9.0972472E+08   3.3673990E+26   2.8000000E+01   6.4000000E+01   0.0000000E+00   0.0000000E+00
   5.8463227E-07   9.7077225E+08   3.6658995E+26   2.8000000E+01   6.4000000E+01   0.0000000E+00   0.0000000E+00
   6.2384739E-07   1.0359169E+09   3.9905835E+26   2.8000000E+01   6.4000000E+01   0.0000000E+00   0.0000000E+00
   6.6569293E-07   1.1054338E+09   4.3437288E+26   2.8000000E+01   6.4000000E+01   0.0000000E+00   0.0000000E+00
   7.1034532E-07   1.1796164E+09   4.7278107E+26   2.8000000E+01   6.4000000E+01   0.0000000E+00   0.0000000E+00
   7.5799284E-07   1.2587779E+09   5.1455181E+26   2.8000000E+01   6.4000000E+01   0.0000000E+00   0.0000000E+00
   8.0883640E-07   1.3432524E+09   5.5997728E+26   2.8000000E+01   6.6000000E+01   0.0000000E+00   0.0000000E+00
   8.6309036E-07   1.4333967E+09   6.0937488E+26   2.8000000E+01   6.6000000E+01   0.0000000E+00   0.0000000E+00
   9.2098349E-07   1.5295914E+09   6.6308947E+26   3.6000000E+01   8.6000000E+01   0.0000000E+00   0.0000000E+00
   9.8275990E-07   1.6322427E+09   7.2149568E+26   3.6000000E+01   8.6000000E+01   0.0000000E+00   0.0000000E+00
   1.0486801E-06   1.7417839E+09   7.8500051E+26   3.6000000E+01   8.6000000E+01   0.0000000E+00   0.0000000E+00
   1.1190219E-06   1.8586777E+09   8.5404611E+26   3.6000000E+01   8.6000000E+01   0.0000000E+00   0.0000000E+00
   1.1940820E-06   1.9834176E+09   9.2911283E+26   3.6000000E+01   8.6000000E+01   0.0000000E+00   0.0000000E+00
   1.2741770E-06   2.1165304E+09   1.0107225E+27   3.6000000E+01   8.6000000E+01   0.0000000E+00   0.0000000E+00
   1.3596444E-06   2.2585782E+09   1.0994418E+27   3.6000000E+01   8.6000000E+01   0.0000000E+00   0.0000000E+00
   1.4508446E-06   2.4101609E+09   1.1958868E+27   3.6000000E+01   8.6000000E+01   0.0000000E+00   0.0000000E+00
   1.5481623E-06   2.5719186E+09   1.3007261E+27   3.6000000E+01   8.6000000E+01   0.0000000E+00   0.0000000E+00
   1.6520077E-06   2.7445345E+09   1.4146866E+27   3.6000000E+01   8.6000000E+01   0.0000000E+00   0.0000000E+00
   1.7628187E-06   2.9287376E+09   1.5385575E+27   3.6000000E+01   8.6000000E+01   0.0000000E+00   0.0000000E+00
   1.8810625E-06   3.1253060E+09   1.6731962E+27   3.4000000E+01   8.4000000E+01   0.0000000E+00   0.0000000E+00
   2.0072377E-06   3.3350698E+09   1.8195342E+27   3.4000000E+01   8.4000000E+01   0.0000000E+00   0.0000000E+00
   2.1418763E-06   3.5589150E+09   1.9785830E+27   3.4000000E+01   8.4000000E+01   0.0000000E+00   0.0000000E+00
   2.2855460E-06   3.7977871E+09   2.1514419E+27   3.4000000E+01   8.4000000E+01   0.0000000E+00   0.0000000E+00
   2.4388526E-06   4.0526953E+09   2.3393043E+27   3.4000000E+01   8.4000000E+01   0.0000000E+00   0.0000000E+00
   2.6024425E-06   4.3247162E+09   2.5434671E+27   3.4000000E+01   8.4000000E+01   0.0000000E+00   0.0000000E+00
   2.7770053E-06   4.6149990E+09   2.7653386E+27   3.4000000E+01   8.4000000E+01   0.0000000E+00   0.0000000E+00
   2.9632773E-06   4.9247699E+09   3.0064487E+27   3.4000000E+01   8.4000000E+01   0.0000000E+00   0.0000000E+00
   3.1620438E-06   5.2553377E+09   3.2684592E+27   3.4000000E+01   8.4000000E+01   0.0000000E+00   0.0000000E+00
   3.3741428E-06   5.6080990E+09   3.5531748E+27   3.4000000E+01   8.4000000E+01   0.0000000E+00   0.0000000E+00
   3.6004687E-06   5.9845442E+09   3.8625560E+27   3.4000000E+01   8.4000000E+01   0.0000000E+00   0.0000000E+00
   3.8419757E-06   6.3862638E+09   4.1987321E+27   3.4000000E+01   8.4000000E+01   0.0000000E+00   0.0000000E+00
   4.0996823E-06   6.8149552E+09   4.5640156E+27   3.4000000E+01   8.4000000E+01   0.0000000E+00   0.0000000E+00
   4.3746748E-06   7.2724298E+09   4.9609181E+27   3.4000000E+01   8.4000000E+01   0.0000000E+00   0.0000000E+00
   4.6681130E-06   7.7606209E+09   5.3921675E+27   3.4000000E+01   8.4000000E+01   0.0000000E+00   0.0000000E+00
   4.9812340E-06   8.2815913E+09   5.8607261E+27   3.4000000E+01   8.4000000E+01   0.0000000E+00   0.0000000E+00
   5.3153580E-06   8.8375429E+09   6.3698111E+27   3.4000000E+01   8.4000000E+01   0.0000000E+00   0.0000000E+00
   5.6718939E-06   9.4308250E+09   6.9229160E+27   3.4000000E+01   8.4000000E+01   0.0000000E+00   0.0000000E+00
   6.0523451E-06   1.0063945E+10   7.5238342E+27   3.4000000E+01   8.4000000E+01   0.0000000E+00   0.0000000E+00
   6.4583156E-06   1.0739580E+10   8.1766847E+27   3.4000000E+01   8.4000000E+01   0.0000000E+00   0.0000000E+00
   6.8915172E-06   1.1460584E+10   8.8859394E+27   3.2000000E+01   8.2000000E+01   0.0000000E+00   0.0000000E+00
   7.3537764E-06   1.2230005E+10   9.6564533E+27   3.2000000E+01   8.2000000E+01   0.0000000E+00   0.0000000E+00
   7.8470425E-06   1.3051097E+10   1.0493496E+28   3.2000000E+01   8.2000000E+01   0.0000000E+00   0.0000000E+00
   8.3733951E-06   1.3927330E+10   1.1402789E+28   3.2000000E+01   8.2000000E+01   0.0000000E+00   0.0000000E+00
   8.9350537E-06   1.4862408E+10   1.2390539E+28   3.2000000E+01   8.2000000E+01   0.0000000E+00   0.0000000E+00
   9.5343863E-06   1.5860285E+10   1.3463482E+28   3.2000000E+01   8.2000000E+01   0.0000000E+00   0.0000000E+00
   1.0173920E-05   1.6925180E+10   1.4628927E+28   3.2000000E+01   8.2000000E+01   0.0000000E+00   0.0000000E+00
   1.0856352E-05   1.8061595E+10   1.5894802E+28   3.2000000E+01   8.2000000E+01   0.0000000E+00   0.0000000E+00
   1.1584559E-05   1.9274336E+10   1.7269702E+28   3.2000000E+01   8.2000000E+01   0.0000000E+00   0.0000000E+00
   1.2361611E-05   2.0568532E+10   1.8762949E+28   3.2000000E+01   8.2000000E+01   0.0000000E+00   0.0000000E+00
   1.3190785E-05   2.1949655E+10   2.0384647E+28   3.2000000E+01   8.2000000E+01   0.0000000E+00   0.0000000E+00
   1.4075578E-05   2.3423545E+10   2.2145741E+28   3.2000000E+01   8.2000000E+01   0.0000000E+00   0.0000000E+00
   1.5019719E-05   2.4996438E+10   2.4058091E+28   3.2000000E+01   8.2000000E+01   0.0000000E+00   0.0000000E+00
   1.6027190E-05   2.6674985E+10   2.6134535E+28   3.2000000E+01   8.2000000E+01   0.0000000E+00   0.0000000E+00
   1.7102239E-05   2.8466287E+10   2.8388966E+28   3.0000000E+01   8.0000000E+01   0.0000000E+00   0.0000000E+00
   1.8249398E-05   3.0377921E+10   3.0836414E+28   3.0000000E+01   8.0000000E+01   0.0000000E+00   0.0000000E+00
   1.9473505E-05   3.2417973E+10   3.3493127E+28   3.0000000E+01   8.0000000E+01   0.0000000E+00   0.0000000E+00
   2.0779721E-05   3.4595075E+10   3.6376655E+28   3.0000000E+01   8.0000000E+01   0.0000000E+00   0.0000000E+00
   2.2173553E-05   3.6918436E+10   3.9505947E+28   3.0000000E+01   8.0000000E+01   0.0000000E+00   0.0000000E+00
   2.3660879E-05   3.9397888E+10   4.2901442E+28   3.0000000E+01   8.0000000E+01   0.0000000E+00   0.0000000E+00
   2.5247969E-05   4.2043920E+10   4.6585165E+28   3.0000000E+01   8.0000000E+01   0.0000000E+00   0.0000000E+00
   2.6941516E-05   4.4867730E+10   5.0580830E+28   3.0000000E+01   8.0000000E+01   0.0000000E+00   0.0000000E+00
   2.8748661E-05   4.7881267E+10   5.4913937E+28   3.0000000E+01   8.0000000E+01   0.0000000E+00   0.0000000E+00
   3.0677022E-05   5.1097284E+10   5.9611872E+28   3.0000000E+01   8.0000000E+01   0.0000000E+00   0.0000000E+00
   3.2734731E-05   5.4529391E+10   6.4704008E+28   3.0000000E+01   8.0000000E+01   0.0000000E+00   0.0000000E+00
   3.4930464E-05   5.8192114E+10   7.0221803E+28   3.0000000E+01   8.0000000E+01   0.0000000E+00   0.0000000E+00
   3.7273480E-05   6.2100955E+10   7.6198886E+28   2.8000000E+01   7.8000000E+01   0.0000000E+00   0.0000000E+00
   3.9773656E-05   6.6272458E+10   8.2671146E+28   2.8000000E+01   7.8000000E+01   0.0000000E+00   0.0000000E+00
   4.2441536E-05   7.0724281E+10   8.9676809E+28   2.8000000E+01   7.8000000E+01   0.0000000E+00   0.0000000E+00
   4.5288369E-05   7.5475269E+10   9.7256503E+28   2.8000000E+01   7.8000000E+01   0.0000000E+00   0.0000000E+00
   4.8326157E-05   8.0545533E+10   1.0545331E+29   2.8000000E+01   7.8000000E+01   0.0000000E+00   0.0000000E+00
   5.1567709E-05   8.5956536E+10   1.1431282E+29   2.8000000E+01   7.8000000E+01   0.0000000E+00   0.0000000E+00
   5.5026694E-05   9.1731186E+10   1.2388316E+29   2.8000000E+01   7.8000000E+01   0.0000000E+00   0.0000000E+00
   5.8717695E-05   9.7893930E+10   1.3421499E+29   2.8000000E+01   7.8000000E+01   0.0000000E+00   0.0000000E+00
   6.2656276E-05   1.0447086E+11   1.4536159E+29   2.8000000E+01   8.0000000E+01   0.0000000E+00   0.0000000E+00
   6.6859044E-05   1.1148981E+11   1.5737884E+29   2.8000000E+01   8.0000000E+01   0.0000000E+00   0.0000000E+00
   7.1343719E-05   1.1898052E+11   1.7032532E+29   2.8000000E+01   8.0000000E+01   0.0000000E+00   0.0000000E+00
   7.6129210E-05   1.2697468E+11   1.8426245E+29   4.2000000E+01   1.2400000E+02   0.0000000E+00   0.0000000E+00
   8.1235696E-05   1.3550614E+11   1.9925476E+29   4.2000000E+01   1.2400000E+02   0.0000000E+00   0.0000000E+00
   8.6684707E-05   1.4461103E+11   2.1537031E+29   4.2000000E+01   1.2400000E+02   0.0000000E+00   0.0000000E+00
   9.2499219E-05   1.5432789E+11   2.3268151E+29   4.2000000E+01   1.2400000E+02   0.0000000E+00   0.0000000E+00
   9.8703748E-05   1.6469785E+11   2.5126632E+29   4.2000000E+01   1.2400000E+02   0.0000000E+00   0.0000000E+00
   1.0532446E-04   1.7576483E+11   2.7121022E+29   4.2000000E+01   1.2400000E+02   0.0000000E+00   0.0000000E+00
   1.1238926E-04   1.8757567E+11   2.9260915E+29   4.2000000E+01   1.2400000E+02   0.0000000E+00   0.0000000E+00
   1.1992794E-04   2.0018036E+11   3.1557401E+29   4.2000000E+01   1.2400000E+02   0.0000000E+00   0.0000000E+00
   1.2797230E-04   2.1363227E+11   3.4023709E+29   4.0000000E+01   1.2200000E+02   0.0000000E+00   0.0000000E+00
   1.3655624E-04   2.2798833E+11   3.6676135E+29   4.0000000E+01   1.2200000E+02   0.0000000E+00   0.0000000E+00
   1.4571596E-04   2.4330931E+11   3.9535293E+29   4.0000000E+01   1.2200000E+02   0.0000000E+00   0.0000000E+00
   1.5549009E-04   2.5966004E+11   4.2627685E+29   4.0000000E+01   1.2400000E+02   0.0000000E+00   0.0000000E+00
   1.6591983E-04   2.7710973E+11   4.5987370E+29   4.0000000E+01   1.2400000E+02   0.0000000E+00   0.0000000E+00
   1.7704916E-04   2.9573220E+11   4.9656901E+29   3.8000000E+01   1.2000000E+02   0.0000000E+00   0.0000000E+00
   1.8892501E-04   3.1560625E+11   5.3685352E+29   3.8000000E+01   1.2200000E+02   0.0000000E+00   0.0000000E+00
   2.0159745E-04   3.3681596E+11   5.8118573E+29   3.8000000E+01   1.2200000E+02   0.0000000E+00   0.0000000E+00
   2.1511991E-04   3.5945106E+11   6.2973144E+29   3.8000000E+01   1.2200000E+02   0.0000000E+00   0.0000000E+00
   2.2954942E-04   3.8360727E+11   6.8185646E+29   3.8000000E+01   1.2400000E+02   0.0000000E+00   0.0000000E+00
   2.4494680E-04   4.0938677E+11   7.3547716E+29   3.8000000E+01   1.2400000E+02   0.0000000E+00   0.0000000E+00
   2.6137699E-04   4.3689857E+11   7.8689066E+29   4.0000000E+01   1.3326942E+02   2.2204460E-16   0.0000000E+00
   2.6904615E-04   4.4974132E+11   8.0796684E+29   3.9999966E+01   1.3346484E+02   1.9146669E-02   0.0000000E+00
   2.7694032E-04   4.6296154E+11   8.2750037E+29   3.9999951E+01   1.3365322E+02   3.7954372E-02   0.0000000E+00
   2.8506613E-04   4.7657030E+11   8.4535055E+29   3.9999940E+01   1.3383510E+02   5.6423992E-02   0.0000000E+00
   2.9343035E-04   4.9057903E+11   8.6152305E+29   3.9999930E+01   1.3401090E+02   7.4557274E-02   0.0000000E+00
   3.0204000E-04   5.0499945E+11   8.7616099E+29   3.9999921E+01   1.3418103E+02   9.2356399E-02   0.0000000E+00
   3.1090226E-04   5.1984367E+11   8.8951322E+29   3.9999913E+01   1.3434588E+02   1.0982385E-01   0.0000000E+00
   3.2002455E-04   5.3512413E+11   9.0189022E+29   3.9999905E+01   1.3450580E+02   1.2696237E-01   0.0000000E+00
   3.2941451E-04   5.5085364E+11   9.1362014E+29   3.9999898E+01   1.3466117E+02   1.4377488E-01   0.0000000E+00
   3.3907998E-04   5.6704537E+11   9.2501364E+29   3.9999891E+01   1.3481235E+02   1.6026449E-01   0.0000000E+00
   3.4902904E-04   5.8371291E+11   9.3634155E+29   3.9999884E+01   1.3495967E+02   1.7643447E-01   0.0000000E+00
   3.5927003E-04   6.0087023E+11   9.4782474E+29   3.9999877E+01   1.3510348E+02   1.9228823E-01   0.0000000E+00
   3.6981150E-04   6.1853169E+11   9.5963353E+29   3.9999871E+01   1.3524412E+02   2.0782931E-01   0.0000000E+00
   3.8066227E-04   6.3671211E+11   9.7189269E+29   3.9999865E+01   1.3538192E+02   2.2306135E-01   0.0000000E+00
   3.9183141E-04   6.5542672E+11   9.8468934E+29   3.9999858E+01   1.3551719E+02   2.3798810E-01   0.0000000E+00
   4.0332828E-04   6.7469120E+11   9.9808140E+29   3.9999852E+01   1.3565026E+02   2.5261341E-01   0.0000000E+00
   4.1516248E-04   6.9452168E+11   1.0121054E+30   3.9999846E+01   1.3578143E+02   2.6694119E-01   0.0000000E+00
   4.2734391E-04   7.1493479E+11   1.0267831E+30   3.9999840E+01   1.3591101E+02   2.8097543E-01   0.0000000E+00
   4.3988275E-04   7.3594763E+11   1.0421269E+30   3.9999834E+01   1.3603930E+02   2.9472018E-01   0.0000000E+00
   4.5278951E-04   7.5757780E+11   1.0581435E+30   3.9999828E+01   1.3616659E+02   3.0817955E-01   0.0000000E+00
   4.6607497E-04   7.7984342E+11   1.0748373E+30   3.9999822E+01   1.3629317E+02   3.2135768E-01   0.0000000E+00
   4.7975024E-04   8.0276313E+11   1.0922124E+30   3.9999816E+01   1.3641932E+02   3.3425877E-01   0.0000000E+00
   4.9382676E-04   8.2635615E+11   1.1102738E+30   3.9999810E+01   1.3654531E+02   3.4688702E-01   0.0000000E+00
   5.0831631E-04   8.5064222E+11   1.1290285E+30   3.9999804E+01   1.3667141E+02   3.5924667E-01   0.0000000E+00
   5.2323100E-04   8.7564169E+11   1.1484865E+30   3.9999799E+01   1.3679788E+02   3.7134199E-01   0.0000000E+00
   5.3858330E-04   9.0137550E+11   1.1686606E+30   3.9999793E+01   1.3692497E+02   3.8317723E-01   0.0000000E+00
   5.5438607E-04   9.2786520E+11   1.1895669E+30   3.9999787E+01   1.3705294E+02   3.9475666E-01   0.0000000E+00
   5.7065250E-04   9.5513297E+11   1.2112251E+30   3.9999781E+01   1.3718203E+02   4.0608455E-01   0.0000000E+00
   5.8739622E-04   9.8320165E+11   1.2336579E+30   3.9999775E+01   1.3731247E+02   4.1716517E-01   0.0000000E+00
   6.0463122E-04   1.0120947E+12   1.2568917E+30   3.9999769E+01   1.3744450E+02   4.2800277E-01   0.0000000E+00
   6.2237192E-04   1.0418364E+12   1.2809561E+30   3.9999763E+01   1.3757835E+02   4.3860157E-01   0.0000000E+00
   6.4063316E-04   1.0724516E+12   1.3058838E+30   3.9999757E+01   1.3771423E+02   4.4896580E-01   0.0000000E+00
   6.5943020E-04   1.1039660E+12   1.3317107E+30   3.9999751E+01   1.3785235E+02   4.5909964E-01   0.0000000E+00
   6.7877878E-04   1.1364059E+12   1.3584760E+30   3.9999745E+01   1.3799293E+02   4.6900727E-01   0.0000000E+00
   6.9869507E-04   1.1697985E+12   1.3862217E+30   3.9999739E+01   1.3813618E+02   4.7869281E-01   0.0000000E+00
   7.1919573E-04   1.2041717E+12   1.4149927E+30   3.9999732E+01   1.3828228E+02   4.8816036E-01   0.0000000E+00
   7.4029790E-04   1.2395544E+12   1.4448369E+30   3.9999726E+01   1.3843143E+02   4.9741398E-01   0.0000000E+00
   7.6201925E-04   1.2759761E+12   1.4758051E+30   3.9999720E+01   1.3858381E+02   5.0645770E-01   0.0000000E+00
   7.8437792E-04   1.3134674E+12   1.5079507E+30   3.9999714E+01   1.3873962E+02   5.1529549E-01   0.0000000E+00
   8.0739264E-04   1.3520597E+12   1.5413303E+30   3.9999707E+01   1.3889903E+02   5.2393130E-01   0.0000000E+00
   8.3108263E-04   1.3917852E+12   1.5760030E+30   3.9999701E+01   1.3906220E+02   5.3236901E-01   0.0000000E+00
   8.5546772E-04   1.4326772E+12   1.6120308E+30   3.9999694E+01   1.3922932E+02   5.4061246E-01   0.0000000E+00
   8.8056830E-04   1.4747701E+12   1.6494785E+30   3.9999688E+01   1.3940053E+02   5.4866545E-01   0.0000000E+00
   9.0640537E-04   1.5180989E+12   1.6884140E+30   3.9999681E+01   1.3957601E+02   5.5653172E-01   0.0000000E+00
   9.3300053E-04   1.5627000E+12   1.7289077E+30   3.9999674E+01   1.3975590E+02   5.6421496E-01   0.0000000E+00
   9.6037603E-04   1.6086109E+12   1.7710334E+30   3.9999667E+01   1.3994035E+02   5.7171880E-01   0.0000000E+00
   9.8855476E-04   1.6558698E+12   1.8148675E+30   3.9999661E+01   1.4012951E+02   5.7904683E-01   0.0000000E+00
   1.0175603E-03   1.7045163E+12   1.8604898E+30   3.9999654E+01   1.4032352E+02   5.8620258E-01   0.0000000E+00
   1.0474169E-03   1.7545914E+12   1.9079832E+30   3.9999647E+01   1.4052252E+02   5.9318952E-01   0.0000000E+00
   1.0781495E-03   1.8061367E+12   1.9574338E+30   3.9999640E+01   1.4072664E+02   6.0001107E-01   0.0000000E+00
   1.1097839E-03   1.8591957E+12   2.0089311E+30   3.9999632E+01   1.4093600E+02   6.0667059E-01   0.0000000E+00
   1.1423465E-03   1.9138126E+12   2.0625681E+30   3.9999625E+01   1.4115073E+02   6.1317139E-01   0.0000000E+00
   1.1758645E-03   1.9700332E+12   2.1184413E+30   3.9999618E+01   1.4137095E+02   6.1951672E-01   0.0000000E+00
   1.2103659E-03   2.0279047E+12   2.1766511E+30   3.9999610E+01   1.4159676E+02   6.2570977E-01   0.0000000E+00
   1.2458797E-03   2.0874756E+12   2.2373015E+30   3.9999603E+01   1.4182829E+02   6.3175369E-01   0.0000000E+00
   1.2824355E-03   2.1487956E+12   2.3005008E+30   3.9999595E+01   1.4206564E+02   6.3765156E-01   0.0000000E+00
   1.3200639E-03   2.2119163E+12   2.3663612E+30   3.9999587E+01   1.4230891E+02   6.4340640E-01   0.0000000E+00
   1.3587963E-03   2.2768905E+12   2.4349993E+30   3.9999579E+01   1.4255819E+02   6.4902120E-01   0.0000000E+00
   1.3986653E-03   2.3437727E+12   2.5065363E+30   3.9999571E+01   1.4281357E+02   6.5449887E-01   0.0000000E+00
   1.4397040E-03   2.4126188E+12   2.5810979E+30   3.9999563E+01   1.4307514E+02   6.5984227E-01   0.0000000E+00
   1.4819469E-03   2.4834868E+12   2.6588147E+30   3.9999555E+01   1.4334299E+02   6.6505423E-01   0.0000000E+00
   1.5254292E-03   2.5564358E+12   2.7398224E+30   3.9999547E+01   1.4361718E+02   6.7013751E-01   0.0000000E+00
   1.5701873E-03   2.6315272E+12   2.8242621E+30   3.9999538E+01   1.4389779E+02   6.7509480E-01   0.0000000E+00
   1.6162588E-03   2.7088237E+12   2.9122800E+30   3.9999530E+01   1.4418488E+02   6.7992878E-01   0.0000000E+00
   1.6636820E-03   2.7883904E+12   3.0040284E+30   3.9999521E+01   1.4447852E+02   6.8464205E-01   0.0000000E+00
   1.7124967E-03   2.8702938E+12   3.0996653E+30   3.9999512E+01   1.4477874E+02   6.8923716E-01   0.0000000E+00
   1.7627436E-03   2.9546027E+12   3.1993549E+30   3.9999503E+01   1.4508560E+02   6.9371663E-01   0.0000000E+00
   1.8144649E-03   3.0413878E+12   3.3032681E+30   3.9999494E+01   1.4539915E+02   6.9808293E-01   0.0000000E+00
   1.8677038E-03   3.1307218E+12   3.4115821E+30   3.9999485E+01   1.4571940E+02   7.0233845E-01   0.0000000E+00
   1.9225048E-03   3.2226798E+12   3.5244814E+30   3.9999475E+01   1.4604639E+02   7.0648559E-01   0.0000000E+00
   1.9789136E-03   3.3173388E+12   3.6421577E+30   3.9999466E+01   1.4638014E+02   7.1052664E-01   0.0000000E+00
   2.0369777E-03   3.4147784E+12   3.7648102E+30   3.9999456E+01   1.4672066E+02   7.1446391E-01   0.0000000E+00
   2.0967453E-03   3.5150801E+12   3.8926461E+30   3.9999446E+01   1.4706796E+02   7.1829961E-01   0.0000000E+00
   2.1582667E-03   3.6183283E+12   4.0258807E+30   3.9999436E+01   1.4742202E+02   7.2203595E-01   0.0000000E+00
   2.2215932E-03   3.7246096E+12   4.1647380E+30   3.9999426E+01   1.4778284E+02   7.2567507E-01   0.0000000E+00
   2.2867777E-03   3.8340131E+12   4.3094507E+30   3.9999416E+01   1.4815041E+02   7.2921908E-01   0.0000000E+00
   2.3538749E-03   3.9466308E+12   4.4602611E+30   3.9999405E+01   1.4852468E+02   7.3267006E-01   0.0000000E+00
   2.4229407E-03   4.0625571E+12   4.6174207E+30   3.9999394E+01   1.4890563E+02   7.3603002E-01   0.0000000E+00
   2.4940331E-03   4.1818894E+12   4.7811913E+30   3.9999383E+01   1.4929321E+02   7.3930096E-01   0.0000000E+00
   2.5672114E-03   4.3047280E+12   4.9518453E+30   3.9999372E+01   1.4968737E+02   7.4248483E-01   0.0000000E+00
   2.6425369E-03   4.4311759E+12   5.1296656E+30   3.9999361E+01   1.5008804E+02   7.4558354E-01   0.0000000E+00
   2.7200725E-03   4.5613393E+12   5.3149467E+30   3.9999349E+01   1.5049516E+02   7.4859898E-01   0.0000000E+00
   2.7998831E-03   4.6953276E+12   5.5079947E+30   3.9999338E+01   1.5090864E+02   7.5153299E-01   0.0000000E+00
   2.8820355E-03   4.8332534E+12   5.7091280E+30   3.9999326E+01   1.5132839E+02   7.5438736E-01   0.0000000E+00
   2.9665983E-03   4.9752325E+12   5.9186778E+30   3.9999313E+01   1.5175432E+02   7.5716388E-01   0.0000000E+00
   3.0536423E-03   5.1213841E+12   6.1369884E+30   3.9999301E+01   1.5218632E+02   7.5986429E-01   0.0000000E+00
   3.1432403E-03   5.2718311E+12   6.3644179E+30   3.9999288E+01   1.5262426E+02   7.6249028E-01   0.0000000E+00
   3.2354672E-03   5.4266999E+12   6.6013388E+30   3.9999275E+01   1.5306803E+02   7.6504353E-01   0.0000000E+00
   3.3304002E-03   5.5861207E+12   6.8481385E+30   3.9999262E+01   1.5351749E+02   7.6752569E-01   0.0000000E+00
   3.4281187E-03   5.7502274E+12   7.1052196E+30   3.9999249E+01   1.5397249E+02   7.6993835E-01   0.0000000E+00
   3.5287043E-03   5.9191579E+12   7.3730010E+30   3.9999235E+01   1.5443289E+02   7.7228311E-01   0.0000000E+00
   3.6322413E-03   6.0930543E+12   7.6519184E+30   3.9999221E+01   1.5489852E+02   7.7456150E-01   0.0000000E+00
   3.7388162E-03   6.2720627E+12   7.9424245E+30   3.9999206E+01   1.5536922E+02   7.7677505E-01   0.0000000E+00
   3.8485181E-03   6.4563336E+12   8.2449903E+30   3.9999192E+01   1.5584481E+02   7.7892524E-01   0.0000000E+00
   3.9614388E-03   6.6460220E+12   8.5601055E+30   3.9999177E+01   1.5632510E+02   7.8101355E-01   0.0000000E+00
   4.0776728E-03   6.8412874E+12   8.8882792E+30   3.9999162E+01   1.5680991E+02   7.8304139E-01   0.0000000E+00
   4.1973173E-03   7.0422938E+12   9.2300405E+30   3.9999146E+01   1.5729903E+02   7.8501017E-01   0.0000000E+00
   4.3204722E-03   7.2492104E+12   9.5859397E+30   3.9999130E+01   1.5779227E+02   7.8692128E-01   0.0000000E+00
   4.4472408E-03   7.4622112E+12   9.9565489E+30   3.9999114E+01   1.5828941E+02   7.8877606E-01   0.0000000E+00
   4.5777288E-03   7.6814753E+12   1.0342462E+31   3.9999097E+01   1.5879024E+02   7.9057584E-01   0.0000000E+00
   4.7120456E-03   7.9071871E+12   1.0744298E+31   3.9999080E+01   1.5929454E+02   7.9232191E-01   0.0000000E+00
   4.8503034E-03   8.1395364E+12   1.1162699E+31   3.9999062E+01   1.5980208E+02   7.9401555E-01   0.0000000E+00
   4.9926179E-03   8.3787188E+12   1.1598331E+31   3.9999044E+01   1.6031265E+02   7.9565801E-01   0.0000000E+00
   5.1391080E-03   8.6249353E+12   1.2051889E+31   3.9999026E+01   1.6082600E+02   7.9725051E-01   0.0000000E+00
   5.2898964E-03   8.8783932E+12   1.2524093E+31   3.9999007E+01   1.6134190E+02   7.9879424E-01   0.0000000E+00
   5.4451091E-03   9.1393057E+12   1.3015692E+31   3.9998988E+01   1.6186013E+02   8.0029038E-01   0.0000000E+00
   5.6048760E-03   9.4078922E+12   1.3527463E+31   3.9998968E+01   1.6238044E+02   8.0174009E-01   0.0000000E+00
   5.7693307E-03   9.6843787E+12   1.4060214E+31   3.9998948E+01   1.6290261E+02   8.0314449E-01   0.0000000E+00
   5.9386107E-03   9.9689979E+12   1.4614784E+31   3.9998927E+01   1.6342639E+02   8.0450468E-01   0.0000000E+00
   6.1128575E-03   1.0261989E+13   1.5192045E+31   3.9998905E+01   1.6395156E+02   8.0582174E-01   0.0000000E+00
   6.2922171E-03   1.0563599E+13   1.5792900E+31   3.9998883E+01   1.6447788E+02   8.0709675E-01   0.0000000E+00
   6.4768392E-03   1.0874082E+13   1.6418289E+31   3.9998861E+01   1.6500512E+02   8.0833072E-01   0.0000000E+00
   6.6668785E-03   1.1193698E+13   1.7069187E+31   3.9998837E+01   1.6553307E+02   8.0952469E-01   0.0000000E+00
   6.8624937E-03   1.1522717E+13   1.7746606E+31   3.9998813E+01   1.6606150E+02   8.1067964E-01   0.0000000E+00
   7.0638486E-03   1.1861415E+13   1.8451595E+31   3.9998789E+01   1.6659020E+02   8.1179655E-01   0.0000000E+00
   7.2711115E-03   1.2210079E+13   1.9185245E+31   3.9998763E+01   1.6711896E+02   8.1287637E-01   0.0000000E+00
   7.4844557E-03   1.2569000E+13   1.9948685E+31   3.9998737E+01   1.6764758E+02   8.1392004E-01   0.0000000E+00
   7.7040598E-03   1.2938481E+13   2.0743088E+31   3.9998710E+01   1.6817587E+02   8.1492847E-01   0.0000000E+00
   7.9301074E-03   1.3318833E+13   2.1569669E+31   3.9998682E+01   1.6870365E+02   8.1590255E-01   0.0000000E+00
   8.1627874E-03   1.3710377E+13   2.2429691E+31   3.9998653E+01   1.6923074E+02   8.1684315E-01   0.0000000E+00
   8.4022947E-03   1.4113441E+13   2.3324460E+31   3.9998623E+01   1.6975697E+02   8.1775113E-01   0.0000000E+00
   8.6488294E-03   1.4528365E+13   2.4255331E+31   3.9998592E+01   1.7028220E+02   8.1862733E-01   0.0000000E+00
   8.9025978E-03   1.4955498E+13   2.5223709E+31   3.9998560E+01   1.7080629E+02   8.1947256E-01   0.0000000E+00
   9.1638120E-03   1.5395199E+13   2.6231049E+31   3.9998527E+01   1.7132910E+02   8.2028763E-01   0.0000000E+00
   9.4326907E-03   1.5847840E+13   2.7278860E+31   3.9998492E+01   1.7185052E+02   8.2107331E-01   0.0000000E+00
   9.7094586E-03   1.6313800E+13   2.8368704E+31   3.9998457E+01   1.7237045E+02   8.2183037E-01   0.0000000E+00
   9.9943473E-03   1.6793472E+13   2.9502199E+31   3.9998419E+01   1.7288881E+02   8.2255955E-01   0.0000000E+00
   1.0287595E-02   1.7287259E+13   3.0681021E+31   3.9998380E+01   1.7340551E+02   8.2326159E-01   0.0000000E+00
   1.0589447E-02   1.7795577E+13   3.1906905E+31   3.9998340E+01   1.7392051E+02   8.2393720E-01   0.0000000E+00
   1.0900156E-02   1.8318855E+13   3.3181649E+31   3.9998298E+01   1.7443376E+02   8.2458708E-01   0.0000000E+00
   1.1219981E-02   1.8857532E+13   3.4507111E+31   3.9998253E+01   1.7494524E+02   8.2521189E-01   0.0000000E+00
   1.1549190E-02   1.9412061E+13   3.5885219E+31   3.9998207E+01   1.7545493E+02   8.2581232E-01   0.0000000E+00
   1.1888059E-02   1.9982910E+13   3.7317963E+31   3.9998159E+01   1.7596286E+02   8.2638901E-01   0.0000000E+00
   1.2236871E-02   2.0570559E+13   3.8807408E+31   3.9998108E+01   1.7646905E+02   8.2694259E-01   0.0000000E+00
   1.2595917E-02   2.1175502E+13   4.0355688E+31   3.9998054E+01   1.7697353E+02   8.2747368E-01   0.0000000E+00
   1.2965499E-02   2.1798249E+13   4.1965012E+31   3.9997998E+01   1.7747638E+02   8.2798289E-01   0.0000000E+00
   1.3345924E-02   2.2439324E+13   4.3637666E+31   3.9997939E+01   1.7797767E+02   8.2847081E-01   0.0000000E+00
   1.3737512E-02   2.3099266E+13   4.5376018E+31   3.9997876E+01   1.7847750E+02   8.2893801E-01   0.0000000E+00
   1.4140589E-02   2.3778631E+13   4.7182517E+31   3.9997809E+01   1.7897597E+02   8.2938505E-01   0.0000000E+00
   1.4555493E-02   2.4477990E+13   4.9059699E+31   3.9997738E+01   1.7947324E+02   8.2981249E-01   0.0000000E+00
   1.4982571E-02   2.5197932E+13   5.1010190E+31   3.9997663E+01   1.7996943E+02   8.3022085E-01   0.0000000E+00
   1.5422180E-02   2.5939063E+13   5.3036711E+31   3.9997583E+01   1.8046471E+02   8.3061067E-01   0.0000000E+00
   1.5874687E-02   2.6702007E+13   5.5142081E+31   3.9997498E+01   1.8095926E+02   8.3098245E-01   0.0000000E+00
   1.6340472E-02   2.7487405E+13   5.7329220E+31   3.9997406E+01   1.8145328E+02   8.3133669E-01   0.0000000E+00
   1.6819924E-02   2.8295920E+13   5.9601159E+31   3.9997308E+01   1.8194697E+02   8.3167387E-01   0.0000000E+00
   1.7313443E-02   2.9128230E+13   6.1961042E+31   3.9997202E+01   1.8244055E+02   8.3199447E-01   0.0000000E+00
   1.7821443E-02   2.9985037E+13   6.4412133E+31   3.9997088E+01   1.8293425E+02   8.3229896E-01   0.0000000E+00
   1.8344348E-02   3.0867062E+13   6.6957824E+31   3.9996964E+01   1.8342831E+02   8.3258777E-01   0.0000000E+00
   1.8882596E-02   3.1775047E+13   6.9601644E+31   3.9996830E+01   1.8392298E+02   8.3286137E-01   0.0000000E+00
   1.9436637E-02   3.2709756E+13   7.2347266E+31   3.9996685E+01   1.8441850E+02   8.3312017E-01   0.0000000E+00
   2.0006934E-02   3.3671976E+13   7.5198517E+31   3.9996526E+01   1.8491513E+02   8.3336460E-01   0.0000000E+00
   2.0593965E-02   3.4662517E+13   7.8159394E+31   3.9996352E+01   1.8541313E+02   8.3359507E-01   0.0000000E+00
   2.1198220E-02   3.5682213E+13   8.1234071E+31   3.9996161E+01   1.8591274E+02   8.3381199E-01   0.0000000E+00
   2.1820204E-02   3.6731921E+13   8.4426917E+31   3.9995952E+01   1.8641420E+02   8.3401574E-01   0.0000000E+00
   2.2460439E-02   3.7812526E+13   8.7742511E+31   3.9995720E+01   1.8691775E+02   8.3420672E-01   0.0000000E+00
   2.3119458E-02   3.8924936E+13   9.1185662E+31   3.9995464E+01   1.8742359E+02   8.3438530E-01   0.0000000E+00
   2.3797815E-02   4.0070089E+13   9.4761427E+31   3.9995180E+01   1.8793191E+02   8.3455186E-01   0.0000000E+00
   2.4496075E-02   4.1248948E+13   9.8475139E+31   3.9994863E+01   1.8844287E+02   8.3470677E-01   0.0000000E+00
   2.5214823E-02   4.2462506E+13   1.0233243E+32   3.9994509E+01   1.8895659E+02   8.3485038E-01   0.0000000E+00
   2.5954660E-02   4.3711785E+13   1.0633926E+32   3.9994113E+01   1.8947313E+02   8.3498307E-01   0.0000000E+00
   2.6716205E-02   4.4997836E+13   1.1050195E+32   3.9993667E+01   1.8999253E+02   8.3510518E-01   0.0000000E+00
   2.7500094E-02   4.6321743E+13   1.1482722E+32   3.9993164E+01   1.9051471E+02   8.3521708E-01   0.0000000E+00
   2.8306984E-02   4.7684620E+13   1.1932224E+32   3.9992595E+01   1.9103955E+02   8.3531911E-01   0.0000000E+00
   2.9137550E-02   4.9087615E+13   1.2399466E+32   3.9991949E+01   1.9156682E+02   8.3541165E-01   0.0000000E+00
   2.9992485E-02   5.0531910E+13   1.2885268E+32   3.9991213E+01   1.9209616E+02   8.3549506E-01   0.0000000E+00
   3.0872505E-02   5.2018723E+13   1.3390508E+32   3.9990373E+01   1.9262711E+02   8.3556972E-01   0.0000000E+00
   3.1778346E-02   5.3549305E+13   1.3916132E+32   3.9989409E+01   1.9315901E+02   8.3563602E-01   0.0000000E+00
   3.2710766E-02   5.5124946E+13   1.4463159E+32   3.9988300E+01   1.9369105E+02   8.3569438E-01   0.0000000E+00
   3.3670544E-02   5.6746975E+13   1.5032690E+32   3.9987019E+01   1.9422219E+02   8.3574523E-01   0.0000000E+00
   3.4658483E-02   5.8416760E+13   1.5625914E+32   3.9985535E+01   1.9475114E+02   8.3578905E-01   0.0000000E+00
   3.5675410E-02   6.0135707E+13   1.6244122E+32   3.9983808E+01   1.9527633E+02   8.3582636E-01   0.0000000E+00
   3.6722175E-02   6.1905268E+13   1.6888715E+32   3.9981792E+01   1.9579585E+02   8.3585775E-01   0.0000000E+00
   3.7799653E-02   6.3726934E+13   1.7561215E+32   3.9979429E+01   1.9630738E+02   8.3588386E-01   0.0000000E+00
   3.8908746E-02   6.5602244E+13   1.8263280E+32   3.9976646E+01   1.9680815E+02   8.3590547E-01   0.0000000E+00
   4.0050382E-02   6.7532779E+13   1.8996714E+32   3.9973356E+01   1.9729487E+02   8.3592345E-01   0.0000000E+00
   4.1225514E-02   6.9520172E+13   1.9763486E+32   3.9969448E+01   1.9776359E+02   8.3593889E-01   0.0000000E+00
   4.2435127E-02   7.1566100E+13   2.0565740E+32   3.9964784E+01   1.9820965E+02   8.3595306E-01   0.0000000E+00
   4.3680231E-02   7.3672292E+13   2.1405818E+32   3.9959188E+01   1.9862749E+02   8.3596752E-01   0.0000000E+00
   4.4961868E-02   7.5840530E+13   2.2286270E+32   3.9952438E+01   1.9901052E+02   8.3598425E-01   0.0000000E+00
   4.6281110E-02   7.8072647E+13   2.3209876E+32   3.9944247E+01   1.9935093E+02   8.3600568E-01   0.0000000E+00
   4.7639060E-02   8.0370533E+13   2.4179659E+32   3.9934245E+01   1.9963939E+02   8.3603492E-01   0.0000000E+00
   4.9036855E-02   8.2736133E+13   2.5198903E+32   3.9921945E+01   1.9986480E+02   8.3607595E-01   0.0000000E+00
   5.0475663E-02   8.5171452E+13   2.6271164E+32   3.9906706E+01   2.0001380E+02   8.3613392E-01   0.0000000E+00
   5.1956687E-02   8.7678555E+13   2.7400275E+32   3.9887666E+01   2.0007030E+02   8.3621554E-01   0.0000000E+00
   5.3481167E-02   9.0259568E+13   2.8590352E+32   3.9863659E+01   2.0001477E+02   8.3632962E-01   0.0000000E+00
   5.5050377E-02   9.2916684E+13   2.9845779E+32   3.9833075E+01   1.9982328E+02   8.3648789E-01   0.0000000E+00
   5.6665629E-02   9.5652160E+13   3.1171175E+32   3.9793659E+01   1.9946626E+02   8.3670602E-01   0.0000000E+00
   5.8328276E-02   9.8468323E+13   3.2571344E+32   3.9742192E+01   1.9890670E+02   8.3700517E-01   0.0000000E+00
   6.0039706E-02   1.0136757E+14   3.4051172E+32   3.9673978E+01   1.9809773E+02   8.3741417E-01   0.0000000E+00
   6.1801352E-02   1.0435237E+14   3.5615480E+32   3.9581993E+01   1.9697906E+02   8.3797277E-01   0.0000000E+00
   6.3614688E-02   1.0742528E+14   3.7268786E+32   3.9455438E+01   1.9547181E+02   8.3873631E-01   0.0000000E+00
   6.5481229E-02   1.1058891E+14   3.9014963E+32   3.9277147E+01   1.9347077E+02   8.3978303E-01   0.0000000E+00
   6.7402537E-02   1.1384597E+14   4.0856757E+32   3.9018779E+01   1.9083220E+02   8.4122542E-01   0.0000000E+00
   6.9380219E-02   1.1719926E+14   4.2795172E+32   3.8631384E+01   1.8735413E+02   8.4322885E-01   0.0000000E+00
   7.1415928E-02   1.2065164E+14   4.4828778E+32   3.8025815E+01   1.8274190E+02   8.4604408E-01   0.0000000E+00
   7.3511368E-02   1.2420609E+14   4.6953269E+32   4.1001508E+01   1.9446719E+02   8.4986023E-01   0.0000000E+00
   7.5668292E-02   1.2786566E+14   4.9162111E+32   4.7999660E+01   2.2354544E+02   8.5510299E-01   0.0000000E+00
   7.7888502E-02   1.3163351E+14   5.1450265E+32   4.7038338E+01   2.1932681E+02   8.6338681E-01   0.0000000E+00
   8.0173856E-02   1.3551288E+14   5.3824656E+32   4.1577968E+01   2.0544043E+02   8.7670876E-01   0.0000000E+00
   8.2526265E-02   1.3950715E+14   5.6325670E+32   2.4550313E+01   1.7252281E+02   8.9997791E-01   0.0000000E+00
   8.4947698E-02   1.4361976E+14   5.9057413E+32   0.0000000E+00   0.0000000E+00   9.6418735E-01   0.0000000E+00
   8.6299018E-02   1.4591540E+14   6.0708549E+32   0.0000000E+00   0.0000000E+00   9.6387216E-01   0.0000000E+00
   8.7671835E-02   1.4824794E+14   6.2519068E+32   0.0000000E+00   0.0000000E+00   9.6356004E-01   0.0000000E+00
   8.9066490E-02   1.5061800E+14   6.4524612E+32   0.0000000E+00   0.0000000E+00   9.6325111E-01   0.0000000E+00
   9.0483331E-02   1.5302619E+14   6.6753271E+32   0.0000000E+00   0.0000000E+00   9.6294550E-01   0.0000000E+00
   9.1922711E-02   1.5547313E+14   6.9220669E+32   0.0000000E+00   0.0000000E+00   9.6264332E-01   0.0000000E+00
   9.3384988E-02   1.5795948E+14   7.1928415E+32   0.0000000E+00   0.0000000E+00   9.6234469E-01   0.0000000E+00
   9.4870526E-02   1.6048587E+14   7.4866423E+32   0.0000000E+00   0.0000000E+00   9.6204972E-01   0.0000000E+00
   9.6379695E-02   1.6305297E+14   7.8017793E+32   0.0000000E+00   0.0000000E+00   9.6175853E-01   0.0000000E+00
   9.7912872E-02   1.6566145E+14   8.1364139E+32   0.0000000E+00   0.0000000E+00   9.6147122E-01   0.0000000E+00
   9.9470439E-02   1.6831200E+14   8.4889700E+32   0.0000000E+00   0.0000000E+00   9.6118791E-01   0.0000000E+00
   1.0105278E-01   1.7100531E+14   8.8583604E+32   0.0000000E+00   0.0000000E+00   9.6090870E-01   0.0000000E+00
   1.0266030E-01   1.7374210E+14   9.2440518E+32   0.0000000E+00   0.0000000E+00   9.6063370E-01   0.0000000E+00
   1.0429338E-01   1.7652309E+14   9.6460258E+32   0.0000000E+00   0.0000000E+00   9.6036300E-01   0.0000000E+00
   1.0595245E-01   1.7934902E+14   1.0064693E+33   0.0000000E+00   0.0000000E+00   9.6009671E-01   0.0000000E+00
   1.0763791E-01   1.8222063E+14   1.0500800E+33   0.0000000E+00   0.0000000E+00   9.5983491E-01   0.0000000E+00
   1.0935018E-01   1.8513869E+14   1.0955345E+33   0.0000000E+00   0.0000000E+00   9.5957770E-01   0.0000000E+00
   1.1108968E-01   1.8810398E+14   1.1429513E+33   0.0000000E+00   0.0000000E+00   9.5932516E-01   0.0000000E+00
   1.1285686E-01   1.9111729E+14   1.1924632E+33   0.0000000E+00   0.0000000E+00   9.5907739E-01   0.0000000E+00
   1.1465215E-01   1.9417943E+14   1.2442140E+33   0.0000000E+00   0.0000000E+00   9.5883446E-01   0.0000000E+00
   1.1647600E-01   1.9729122E+14   1.2983564E+33   0.0000000E+00   0.0000000E+00   9.5859645E-01   0.0000000E+00
   1.1832886E-01   2.0045350E+14   1.3550516E+33   0.0000000E+00   0.0000000E+00   9.5836343E-01   0.0000000E+00
   1.2021120E-01   2.0366713E+14   1.4144683E+33   0.0000000E+00   0.0000000E+00   9.5813548E-01   0.0000000E+00
   1.2212348E-01   2.0693297E+14   1.4767826E+33   0.0000000E+00   0.0000000E+00   9.5791266E-01   0.0000000E+00
   1.2406618E-01   2.1025191E+14   1.5421788E+33   0.0000000E+00   0.0000000E+00   9.5766393E-01   3.1105846E-05
   1.2603979E-01   2.1362486E+14   1.6108492E+33   0.0000000E+00   0.0000000E+00   9.5734582E-01   1.3683926E-04
   1.2804479E-01   2.1705273E+14   1.6829949E+33   0.0000000E+00   0.0000000E+00   9.5699384E-01   2.8176012E-04
   1.3008168E-01   2.2053648E+14   1.7588263E+33   0.0000000E+00   0.0000000E+00   9.5661881E-01   4.5507574E-04
   1.3215098E-01   2.2407705E+14   1.8385639E+33   0.0000000E+00   0.0000000E+00   9.5622663E-01   6.5096031E-04
   1.3425320E-01   2.2767543E+14   1.9224388E+33   0.0000000E+00   0.0000000E+00   9.5582121E-01   8.6552684E-04
   1.3638885E-01   2.3133261E+14   2.0106934E+33   0.0000000E+00   0.0000000E+00   9.5540546E-01   1.0959052E-03
   1.3855848E-01   2.3504960E+14   2.1035822E+33   0.0000000E+00   0.0000000E+00   9.5498168E-01   1.3398443E-03
   1.4076263E-01   2.3882746E+14   2.2013727E+33   0.0000000E+00   0.0000000E+00   9.5455172E-01   1.5955059E-03
   1.4300183E-01   2.4266723E+14   2.3043459E+33   0.0000000E+00   0.0000000E+00   9.5411715E-01   1.8613464E-03
   1.4527666E-01   2.4656999E+14   2.4127972E+33   0.0000000E+00   0.0000000E+00   9.5367933E-01   2.1360415E-03
   1.4758767E-01   2.5053686E+14   2.5270372E+33   0.0000000E+00   0.0000000E+00   9.5323943E-01   2.4184371E-03
   1.4993545E-01   2.5456895E+14   2.6473926E+33   0.0000000E+00   0.0000000E+00   9.5279846E-01   2.7075145E-03
   1.5232057E-01   2.5866741E+14   2.7742073E+33   0.0000000E+00   0.0000000E+00   9.5235736E-01   3.0023658E-03
   1.5474364E-01   2.6283342E+14   2.9078427E+33   0.0000000E+00   0.0000000E+00   9.5191695E-01   3.3021748E-03
   1.5720525E-01   2.6706817E+14   3.0486793E+33   0.0000000E+00   0.0000000E+00   9.5147795E-01   3.6062035E-03
   1.5970602E-01   2.7137289E+14   3.1971171E+33   0.0000000E+00   0.0000000E+00   9.5104104E-01   3.9137807E-03
   1.6224657E-01   2.7574884E+14   3.3535771E+33   0.0000000E+00   0.0000000E+00   9.5060682E-01   4.2242933E-03
   1.6482754E-01   2.8019728E+14   3.5185022E+33   0.0000000E+00   0.0000000E+00   9.5017585E-01   4.5371792E-03
   1.6744956E-01   2.8471952E+14   3.6923581E+33   0.0000000E+00   0.0000000E+00   9.4974861E-01   4.8519218E-03
   1.7011330E-01   2.8931690E+14   3.8756345E+33   0.0000000E+00   0.0000000E+00   9.4932558E-01   5.1680447E-03
   1.7281940E-01   2.9399079E+14   4.0688467E+33   0.0000000E+00   0.0000000E+00   9.4890716E-01   5.4851082E-03
   1.7556856E-01   2.9874256E+14   4.2725362E+33   0.0000000E+00   0.0000000E+00   9.4849373E-01   5.8027056E-03
   1.7836145E-01   3.0357367E+14   4.4872725E+33   0.0000000E+00   0.0000000E+00   9.4808564E-01   6.1204605E-03
   1.8119876E-01   3.0848555E+14   4.7136542E+33   0.0000000E+00   0.0000000E+00   9.4768320E-01   6.4380239E-03
   1.8408121E-01   3.1347971E+14   4.9523104E+33   0.0000000E+00   0.0000000E+00   9.4728670E-01   6.7550727E-03
   1.8700952E-01   3.1855766E+14   5.2039023E+33   0.0000000E+00   0.0000000E+00   9.4689638E-01   7.0713070E-03
   1.8998441E-01   3.2372099E+14   5.4691248E+33   0.0000000E+00   0.0000000E+00   9.4651248E-01   7.3864490E-03
   1.9300662E-01   3.2897128E+14   5.7487077E+33   0.0000000E+00   0.0000000E+00   9.4613521E-01   7.7002413E-03
   1.9607690E-01   3.3431017E+14   6.0434177E+33   0.0000000E+00   0.0000000E+00   9.4576475E-01   8.0124457E-03
   1.9919603E-01   3.3973934E+14   6.3540603E+33   0.0000000E+00   0.0000000E+00   9.4540127E-01   8.3228418E-03
   2.0236478E-01   3.4526051E+14   6.6814813E+33   0.0000000E+00   0.0000000E+00   9.4504490E-01   8.6312261E-03
   2.0558393E-01   3.5087544E+14   7.0265686E+33   0.0000000E+00   0.0000000E+00   9.4469577E-01   8.9374109E-03
   2.0885429E-01   3.5658593E+14   7.3902548E+33   0.0000000E+00   0.0000000E+00   9.4435399E-01   9.2412235E-03
   2.1217668E-01   3.6239383E+14   7.7735185E+33   0.0000000E+00   0.0000000E+00   9.4401964E-01   9.5425056E-03
   2.1555192E-01   3.6830105E+14   8.1773872E+33   0.0000000E+00   0.0000000E+00   9.4369280E-01   9.8411121E-03
   2.1898085E-01   3.7430951E+14   8.6029392E+33   0.0000000E+00   0.0000000E+00   9.4337352E-01   1.0136911E-02
   2.2246432E-01   3.8042123E+14   9.0513057E+33   0.0000000E+00   0.0000000E+00   9.4306183E-01   1.0429782E-02
   2.2600321E-01   3.8663823E+14   9.5236741E+33   0.0000000E+00   0.0000000E+00   9.4275778E-01   1.0719616E-02
   2.2959840E-01   3.9296263E+14   1.0021290E+34   0.0000000E+00   0.0000000E+00   9.4246136E-01   1.1006317E-02
   2.3325078E-01   3.9939657E+14   1.0545460E+34   0.0000000E+00   0.0000000E+00   9.4217258E-01   1.1289797E-02
   2.3696126E-01   4.0594227E+14   1.1097554E+34   0.0000000E+00   0.0000000E+00   9.4189143E-01   1.1569980E-02
   2.4073076E-01   4.1260201E+14   1.1679010E+34   0.0000000E+00   0.0000000E+00   9.4161787E-01   1.1846799E-02
   2.4456023E-01   4.1937810E+14   1.2291336E+34   0.0000000E+00   0.0000000E+00   9.4135187E-01   1.2120195E-02
   2.4845061E-01   4.2627296E+14   1.2936113E+34   0.0000000E+00   0.0000000E+00   9.4109338E-01   1.2390121E-02
   2.5240288E-01   4.3328905E+14   1.3614997E+34   0.0000000E+00   0.0000000E+00   9.4084234E-01   1.2656535E-02
   2.5641803E-01   4.4042889E+14   1.4329728E+34   0.0000000E+00   0.0000000E+00   9.4059868E-01   1.2919405E-02
   2.6049704E-01   4.4769510E+14   1.5082127E+34   0.0000000E+00   0.0000000E+00   9.4036231E-01   1.3178709E-02
   2.6464094E-01   4.5509035E+14   1.5874105E+34   0.0000000E+00   0.0000000E+00   9.4013314E-01   1.3434428E-02
   2.6885077E-01   4.6261740E+14   1.6707664E+34   0.0000000E+00   0.0000000E+00   9.3991108E-01   1.3686554E-02
   2.7312756E-01   4.7027908E+14   1.7584904E+34   0.0000000E+00   0.0000000E+00   9.3969601E-01   1.3935085E-02
   2.7747238E-01   4.7807832E+14   1.8508025E+34   0.0000000E+00   0.0000000E+00   9.3948781E-01   1.4180027E-02
   2.8188632E-01   4.8601812E+14   1.9479334E+34   0.0000000E+00   0.0000000E+00   9.3928634E-01   1.4421390E-02
   2.8637048E-01   4.9410157E+14   2.0501248E+34   0.0000000E+00   0.0000000E+00   9.3909148E-01   1.4659194E-02
   2.9092597E-01   5.0233187E+14   2.1576301E+34   0.0000000E+00   0.0000000E+00   9.3890307E-01   1.4893464E-02
   2.9555392E-01   5.1071229E+14   2.2707148E+34   0.0000000E+00   0.0000000E+00   9.3872096E-01   1.5124229E-02
   3.0025550E-01   5.1924623E+14   2.3896574E+34   0.0000000E+00   0.0000000E+00   9.3854499E-01   1.5351527E-02
   3.0503187E-01   5.2793718E+14   2.5147494E+34   0.0000000E+00   0.0000000E+00   9.3837497E-01   1.5575401E-02
   3.0988422E-01   5.3678874E+14   2.6462965E+34   0.0000000E+00   0.0000000E+00   9.3821074E-01   1.5795900E-02
   3.1481375E-01   5.4580462E+14   2.7846193E+34   0.0000000E+00   0.0000000E+00   9.3805209E-01   1.6013079E-02
   3.1982171E-01   5.5498865E+14   2.9300533E+34   0.0000000E+00   0.0000000E+00   9.3789884E-01   1.6226997E-02
   3.2490933E-01   5.6434479E+14   3.0829507E+34   0.0000000E+00   0.0000000E+00   9.3775077E-01   1.6437721E-02
   3.3007788E-01   5.7387713E+14   3.2436801E+34   0.0000000E+00   0.0000000E+00   9.3760767E-01   1.6645321E-02
   3.3532865E-01   5.8358988E+14   3.4126281E+34   0.0000000E+00   0.0000000E+00   9.3746933E-01   1.6849874E-02
   3.4066295E-01   5.9348738E+14   3.5901999E+34   0.0000000E+00   0.0000000E+00   9.3733550E-01   1.7051463E-02
   3.4608211E-01   6.0357416E+14   3.7768200E+34   0.0000000E+00   0.0000000E+00   9.3720595E-01   1.7250175E-02
   3.5158747E-01   6.1385485E+14   3.9729335E+34   0.0000000E+00   0.0000000E+00   9.3708043E-01   1.7446103E-02
   3.5718041E-01   6.2433426E+14   4.1790070E+34   0.0000000E+00   0.0000000E+00   9.3695869E-01   1.7639346E-02
   3.6286232E-01   6.3501736E+14   4.3955293E+34   0.0000000E+00   0.0000000E+00   9.3684046E-01   1.7830008E-02
   3.6863462E-01   6.4590929E+14   4.6230130E+34   0.0000000E+00   0.0000000E+00   9.3672547E-01   1.8018198E-02
   3.7449874E-01   6.5701537E+14   4.8619955E+34   0.0000000E+00   0.0000000E+00   9.3661343E-01   1.8204032E-02
   3.8045614E-01   6.6834111E+14   5.1130399E+34   0.0000000E+00   0.0000000E+00   9.3650404E-01   1.8387629E-02
   3.8650832E-01   6.7989219E+14   5.3767367E+34   0.0000000E+00   0.0000000E+00   9.3639701E-01   1.8569116E-02
   3.9265677E-01   6.9167452E+14   5.6537051E+34   0.0000000E+00   0.0000000E+00   9.3629203E-01   1.8748627E-02
   3.9890302E-01   7.0369420E+14   5.9445940E+34   0.0000000E+00   0.0000000E+00   9.3618877E-01   1.8926298E-02
   4.0524864E-01   7.1595755E+14   6.2500839E+34   0.0000000E+00   0.0000000E+00   9.3608689E-01   1.9102274E-02
   4.1169521E-01   7.2847113E+14   6.5708883E+34   0.0000000E+00   0.0000000E+00   9.3598605E-01   1.9276706E-02
   4.1824432E-01   7.4124172E+14   6.9077555E+34   0.0000000E+00   0.0000000E+00   9.3588590E-01   1.9449751E-02
   4.2489762E-01   7.5427637E+14   7.2614700E+34   0.0000000E+00   0.0000000E+00   9.3578606E-01   1.9621572E-02
   4.3165675E-01   7.6758237E+14   7.6328546E+34   0.0000000E+00   0.0000000E+00   9.3568616E-01   1.9792339E-02
   4.3852341E-01   7.8116729E+14   8.0227722E+34   0.0000000E+00   0.0000000E+00   9.3558580E-01   1.9962229E-02
   4.4549930E-01   7.9503898E+14   8.4321276E+34   0.0000000E+00   0.0000000E+00   9.3548458E-01   2.0131428E-02
   4.5258616E-01   8.0920556E+14   8.8618700E+34   0.0000000E+00   0.0000000E+00   9.3538207E-01   2.0300126E-02
   4.5978575E-01   8.2367551E+14   9.3129947E+34   0.0000000E+00   0.0000000E+00   9.3527783E-01   2.0468524E-02
   4.6709987E-01   8.3845757E+14   9.7865460E+34   0.0000000E+00   0.0000000E+00   9.3517142E-01   2.0636829E-02
   4.7453035E-01   8.5356086E+14   1.0283619E+35   0.0000000E+00   0.0000000E+00   9.3506237E-01   2.0805257E-02
   4.8207902E-01   8.6899482E+14   1.0805363E+35   0.0000000E+00   0.0000000E+00   9.3495020E-01   2.0974032E-02
   4.8974778E-01   8.8476927E+14   1.1352982E+35   0.0000000E+00   0.0000000E+00   9.3483440E-01   2.1143389E-02
   4.9753853E-01   9.0089440E+14   1.1927741E+35   0.0000000E+00   0.0000000E+00   9.3471446E-01   2.1313570E-02
   5.0545321E-01   9.1738080E+14   1.2530966E+35   0.0000000E+00   0.0000000E+00   9.3458984E-01   2.1484828E-02
   5.1349380E-01   9.3423947E+14   1.3164048E+35   0.0000000E+00   0.0000000E+00   9.3445998E-01   2.1657425E-02
   5.2166229E-01   9.5148185E+14   1.3828447E+35   0.0000000E+00   0.0000000E+00   9.3432430E-01   2.1831636E-02
   5.2996072E-01   9.6911983E+14   1.4525694E+35   0.0000000E+00   0.0000000E+00   9.3418220E-01   2.2007743E-02
   5.3839117E-01   9.8716576E+14   1.5257394E+35   0.0000000E+00   0.0000000E+00   9.3403307E-01   2.2186043E-02
   5.4695572E-01   1.0056325E+15   1.6025233E+35   0.0000000E+00   0.0000000E+00   9.3387625E-01   2.2366843E-02
   5.5565651E-01   1.0245334E+15   1.6830979E+35   0.0000000E+00   0.0000000E+00   9.3371108E-01   2.2550463E-02
   5.6449572E-01   1.0438823E+15   1.7676484E+35   0.0000000E+00   0.0000000E+00   9.3353687E-01   2.2737237E-02
   5.7347553E-01   1.0636938E+15   1.8563695E+35   0.0000000E+00   0.0000000E+00   9.3335288E-01   2.2927510E-02
   5.8259820E-01   1.0839828E+15   1.9494651E+35   0.0000000E+00   0.0000000E+00   9.3315837E-01   2.3121643E-02
   5.9186598E-01   1.1047651E+15   2.0471492E+35   0.0000000E+00   0.0000000E+00   9.3295257E-01   2.3320011E-02
   6.0128119E-01   1.1260568E+15   2.1496462E+35   0.0000000E+00   0.0000000E+00   9.3273466E-01   2.3523004E-02
   6.1084618E-01   1.1478750E+15   2.2571914E+35   0.0000000E+00   0.0000000E+00   9.3250380E-01   2.3731028E-02
   6.2056332E-01   1.1702373E+15   2.3700318E+35   0.0000000E+00   0.0000000E+00   9.3225913E-01   2.3944504E-02
   6.3043504E-01   1.1931621E+15   2.4884259E+35   0.0000000E+00   0.0000000E+00   9.3199974E-01   2.4163874E-02
   6.4046380E-01   1.2166685E+15   2.6126453E+35   0.0000000E+00   0.0000000E+00   9.3172469E-01   2.4389592E-02
   6.5065209E-01   1.2407764E+15   2.7429742E+35   0.0000000E+00   0.0000000E+00   9.3143300E-01   2.4622135E-02
   6.6100245E-01   1.2655066E+15   2.8797109E+35   0.0000000E+00   0.0000000E+00   9.3112366E-01   2.4861998E-02
   6.7151747E-01   1.2908807E+15   3.0231677E+35   0.0000000E+00   0.0000000E+00   9.3079562E-01   2.5109693E-02
   6.8219975E-01   1.3169212E+15   3.1736722E+35   0.0000000E+00   0.0000000E+00   9.3044779E-01   2.5365755E-02
   6.9305196E-01   1.3436515E+15   3.3315675E+35   0.0000000E+00   0.0000000E+00   9.3007903E-01   2.5630739E-02
   7.0407681E-01   1.3710962E+15   3.4972128E+35   0.0000000E+00   0.0000000E+00   9.2968816E-01   2.5905223E-02
   7.1527704E-01   1.3992806E+15   3.6709847E+35   0.0000000E+00   0.0000000E+00   9.2927398E-01   2.6189806E-02
   7.2665543E-01   1.4282312E+15   3.8532773E+35   0.0000000E+00   0.0000000E+00   9.2883521E-01   2.6485110E-02
   7.3821483E-01   1.4579759E+15   4.0445032E+35   0.0000000E+00   0.0000000E+00   9.2837055E-01   2.6791780E-02
   7.4995811E-01   1.4885432E+15   4.2450944E+35   0.0000000E+00   0.0000000E+00   9.2787864E-01   2.7110487E-02
   7.6188821E-01   1.5199634E+15   4.4555030E+35   0.0000000E+00   0.0000000E+00   9.2735807E-01   2.7441925E-02
   7.7400808E-01   1.5522676E+15   4.6762019E+35   0.0000000E+00   0.0000000E+00   9.2680739E-01   2.7786815E-02
   7.8632075E-01   1.5854886E+15   4.9076858E+35   0.0000000E+00   0.0000000E+00   9.2622510E-01   2.8145903E-02
   7.9882928E-01   1.6196603E+15   5.1504718E+35   0.0000000E+00   0.0000000E+00   9.2560964E-01   2.8519960E-02
   8.1153680E-01   1.6548182E+15   5.4051008E+35   0.0000000E+00   0.0000000E+00   9.2495942E-01   2.8909785E-02
   8.2444647E-01   1.6909994E+15   5.6721378E+35   0.0000000E+00   0.0000000E+00   9.2427276E-01   2.9316204E-02
   8.3756149E-01   1.7282423E+15   5.9521733E+35   0.0000000E+00   0.0000000E+00   9.2354797E-01   2.9740070E-02
   8.5088515E-01   1.7665871E+15   6.2458240E+35   0.0000000E+00   0.0000000E+00   9.2278328E-01   3.0182262E-02
   8.6442076E-01   1.8060758E+15   6.5537338E+35   0.0000000E+00   0.0000000E+00   9.2197688E-01   3.0643687E-02
   8.7817168E-01   1.8467521E+15   6.8765747E+35   0.0000000E+00   0.0000000E+00   9.2112692E-01   3.1125280E-02
   8.9214135E-01   1.8886617E+15   7.2150480E+35   0.0000000E+00   0.0000000E+00   9.2023147E-01   3.1628002E-02
   9.0633325E-01   1.9318519E+15   7.5698854E+35   0.0000000E+00   0.0000000E+00   9.1928857E-01   3.2152841E-02
   9.2075090E-01   1.9763724E+15   7.9418495E+35   0.0000000E+00   0.0000000E+00   9.1829621E-01   3.2700809E-02
   9.3539791E-01   2.0222750E+15   8.3317356E+35   0.0000000E+00   0.0000000E+00   9.1725233E-01   3.3272947E-02
   9.5027792E-01   2.0696135E+15   8.7403722E+35   0.0000000E+00   0.0000000E+00   9.1615483E-01   3.3870316E-02
   9.6539463E-01   2.1184442E+15   9.1686225E+35   0.0000000E+00   0.0000000E+00   9.1500156E-01   3.4494004E-02
   9.8075182E-01   2.1688257E+15   9.6173852E+35   0.0000000E+00   0.0000000E+00   9.1379033E-01   3.5145117E-02
   9.9635330E-01   2.2208192E+15   1.0087596E+36   0.0000000E+00   0.0000000E+00   9.1251894E-01   3.5824786E-02
   1.0122030E+00   2.2744886E+15   1.0580229E+36   0.0000000E+00   0.0000000E+00   9.1118511E-01   3.6534155E-02
   1.0283048E+00   2.3299004E+15   1.1096296E+36   0.0000000E+00   0.0000000E+00   9.0978657E-01   3.7274388E-02
   1.0446627E+00   2.3871241E+15   1.1636851E+36   0.0000000E+00   0.0000000E+00   9.0832102E-01   3.8046661E-02
   1.0612809E+00   2.4462319E+15   1.2202990E+36   0.0000000E+00   0.0000000E+00   9.0678612E-01   3.8852163E-02
   1.0781634E+00   2.5072995E+15   1.2795850E+36   0.0000000E+00   0.0000000E+00   9.0517956E-01   3.9692087E-02
   1.0953144E+00   2.5704056E+15   1.3416614E+36   0.0000000E+00   0.0000000E+00   9.0349898E-01   4.0567634E-02
   1.1127384E+00   2.6356324E+15   1.4066512E+36   0.0000000E+00   0.0000000E+00   9.0174206E-01   4.1480005E-02
   1.1304394E+00   2.7030655E+15   1.4746820E+36   0.0000000E+00   0.0000000E+00   8.9990647E-01   4.2430398E-02
   1.1484221E+00   2.7727943E+15   1.5458863E+36   0.0000000E+00   0.0000000E+00   8.9798990E-01   4.3420001E-02
   1.1666908E+00   2.8449121E+15   1.6204017E+36   0.0000000E+00   0.0000000E+00   8.9599009E-01   4.4449992E-02
   1.1852502E+00   2.9195160E+15   1.6983711E+36   0.0000000E+00   0.0000000E+00   8.9390479E-01   4.5521530E-02
   1.2041047E+00   2.9967075E+15   1.7799427E+36   0.0000000E+00   0.0000000E+00   8.9173184E-01   4.6635750E-02
   1.2232593E+00   3.0765922E+15   1.8652705E+36   0.0000000E+00   0.0000000E+00   8.8946909E-01   4.7793759E-02
   1.2427185E+00   3.1592805E+15   1.9545142E+36   0.0000000E+00   0.0000000E+00   8.8711452E-01   4.8996628E-02
   1.2624872E+00   3.2448874E+15   2.0478397E+36   0.0000000E+00   0.0000000E+00   8.8466616E-01   5.0245385E-02
   1.2825705E+00   3.3335327E+15   2.1454191E+36   0.0000000E+00   0.0000000E+00   8.8212217E-01   5.1541009E-02
   1.3029732E+00   3.4253417E+15   2.2474310E+36   0.0000000E+00   0.0000000E+00   8.7948079E-01   5.2884422E-02
   1.3237005E+00   3.5204446E+15   2.3540611E+36   0.0000000E+00   0.0000000E+00   8.7674044E-01   5.4276485E-02
   1.3447575E+00   3.6189776E+15   2.4655019E+36   0.0000000E+00   0.0000000E+00   8.7389963E-01   5.5717984E-02
   1.3661494E+00   3.7210824E+15   2.5819537E+36   0.0000000E+00   0.0000000E+00   8.7095708E-01   5.7209627E-02
   1.3878817E+00   3.8269069E+15   2.7036245E+36   0.0000000E+00   0.0000000E+00   8.6791166E-01   5.8752035E-02
   1.4099597E+00   3.9366053E+15   2.8307304E+36   0.0000000E+00   0.0000000E+00   8.6476244E-01   6.0345733E-02
   1.4323888E+00   4.0503383E+15   2.9634962E+36   0.0000000E+00   0.0000000E+00   8.6150870E-01   6.1991143E-02
   1.4551748E+00   4.1682736E+15   3.1021559E+36   0.0000000E+00   0.0000000E+00   8.5814995E-01   6.3688575E-02
   1.4783233E+00   4.2905859E+15   3.2469528E+36   0.0000000E+00   0.0000000E+00   8.5468592E-01   6.5438220E-02
   1.5018400E+00   4.4174574E+15   3.3981405E+36   0.0000000E+00   0.0000000E+00   8.5111660E-01   6.7240144E-02
   1.5257307E+00   4.5490780E+15   3.5559830E+36   0.0000000E+00   0.0000000E+00   8.4744227E-01   6.9094275E-02
   1.5500016E+00   4.6856456E+15   3.7207557E+36   0.0000000E+00   0.0000000E+00   8.4366347E-01   7.1000405E-02
   1.5746585E+00   4.8273666E+15   3.8927460E+36   0.0000000E+00   0.0000000E+00   8.3978104E-01   7.2958176E-02
   1.5997077E+00   4.9744562E+15   4.0722536E+36   0.0000000E+00   0.0000000E+00   8.3579611E-01   7.4967077E-02
   1.6251553E+00   5.1271385E+15   4.2595917E+36   0.0000000E+00   0.0000000E+00   8.3171016E-01   7.7026442E-02
   1.6510077E+00   5.2856473E+15   4.4550880E+36   0.0000000E+00   0.0000000E+00   8.2752495E-01   7.9135440E-02
   1.6772714E+00   5.4502259E+15   4.6590847E+36   0.0000000E+00   0.0000000E+00   8.2324259E-01   8.1293076E-02
   1.7039529E+00   5.6211284E+15   4.8719403E+36   0.0000000E+00   0.0000000E+00   8.1886553E-01   8.3498188E-02
   1.7310589E+00   5.7986191E+15   5.0940304E+36   0.0000000E+00   0.0000000E+00   8.1439654E-01   8.5749444E-02
   1.7585960E+00   5.9829736E+15   5.3257486E+36   0.0000000E+00   0.0000000E+00   8.0983873E-01   8.8045343E-02
   1.7865712E+00   6.1744792E+15   5.5675074E+36   0.0000000E+00   0.0000000E+00   8.0519555E-01   9.0384215E-02
   1.8149914E+00   6.3734352E+15   5.8197403E+36   0.0000000E+00   0.0000000E+00   8.0047076E-01   9.2764227E-02
   1.8438636E+00   6.5801533E+15   6.0829021E+36   0.0000000E+00   0.0000000E+00   7.9566846E-01   9.5183380E-02
   1.8731952E+00   6.7949583E+15   6.3574708E+36   0.0000000E+00   0.0000000E+00   7.9079305E-01   9.7639519E-02
   1.9029934E+00   7.0181887E+15   6.6439492E+36   0.0000000E+00   0.0000000E+00   7.8584924E-01   1.0013034E-01
   1.9332656E+00   7.2501971E+15   6.9428660E+36   0.0000000E+00   0.0000000E+00   7.8084201E-01   1.0265339E-01
   1.9640194E+00   7.4913506E+15   7.2547778E+36   0.0000000E+00   0.0000000E+00   7.7577660E-01   1.0520608E-01
