   5.9999999E-10   9.9520242E+05   2.1871225E+22   2.6000000E+01   5.6000000E+01   0.0000000E+00   0.0000000E+00
   6.4018082E-10   1.0618509E+06   2.4214397E+22   2.6000000E+01   5.6000000E+01   0.0000000E+00   0.0000000E+00
   6.8305247E-10   1.1329628E+06   2.6801836E+22   2.6000000E+01   5.6000000E+01   0.0000000E+00   0.0000000E+00
   7.2879516E-10   1.2088372E+06   2.9658306E+22   2.6000000E+01   5.6000000E+01   0.0000000E+00   0.0000000E+00
   7.7760114E-10   1.2897930E+06   3.2811013E+22   2.6000000E+01   5.6000000E+01   0.0000000E+00   0.0000000E+00
   8.2967556E-10   1.3761704E+06   3.6289843E+22   2.6000000E+01   5.6000000E+01   0.0000000E+00   0.0000000E+00
   8.8523731E-10   1.4683327E+06   4.0127609E+22   2.6000000E+01   5.6000000E+01   0.0000000E+00   0.0000000E+00
   9.4451991E-10   1.5666671E+06   4.4360344E+22   2.6000000E+01   5.6000000E+01   0.0000000E+00   0.0000000E+00
   1.0077726E-09   1.6715872E+06   4.9027596E+22   2.6000000E+01   5.6000000E+01   0.0000000E+00   0.0000000E+00
   1.0752611E-09   1.7835339E+06   5.4172772E+22   2.6000000E+01   5.6000000E+01   0.0000000E+00   0.0000000E+00
   1.1472692E-09   1.9029779E+06   5.9843497E+22   2.6000000E+01   5.6000000E+01   0.0000000E+00   0.0000000E+00
   1.2240996E-09   2.0304213E+06   6.6092019E+22   2.6000000E+01   5.6000000E+01   0.0000000E+00   0.0000000E+00
   1.3060752E-09   2.1663997E+06   7.2975645E+22   2.6000000E+01   5.6000000E+01   0.0000000E+00   0.0000000E+00
   1.3935405E-09   2.3114849E+06   8.0557217E+22   2.6000000E+01   5.6000000E+01   0.0000000E+00   0.0000000E+00
   1.4868631E-09   2.4662868E+06   8.8905635E+22   2.6000000E+01   5.6000000E+01   0.0000000E+00   0.0000000E+00
   1.5864354E-09   2.6314561E+06   9.8096424E+22   2.6000000E+01   5.6000000E+01   0.0000000E+00   0.0000000E+00
   1.6926759E-09   2.8076872E+06   1.0821236E+23   2.6000000E+01   5.6000000E+01   0.0000000E+00   0.0000000E+00
   1.8060311E-09   2.9957210E+06   1.1934415E+23   2.6000000E+01   5.6000000E+01   0.0000000E+00   0.0000000E+00
   1.9269775E-09   3.1963478E+06   1.3159116E+23   2.6000000E+01   5.6000000E+01   0.0000000E+00   0.0000000E+00
   2.0560234E-09   3.4104112E+06   1.4506223E+23   2.6000000E+01   5.6000000E+01   0.0000000E+00   0.0000000E+00
   2.1937112E-09   3.6388111E+06   1.5987658E+23   2.6000000E+01   5.6000000E+01   0.0000000E+00   0.0000000E+00
   2.3406197E-09   3.8825076E+06   1.7616474E+23   2.6000000E+01   5.6000000E+01   0.0000000E+00   0.0000000E+00
   2.4973665E-09   4.1425253E+06   1.9406960E+23   2.6000000E+01   5.6000000E+01   0.0000000E+00   0.0000000E+00
   2.6646102E-09   4.4199572E+06   2.1374758E+23   2.6000000E+01   5.6000000E+01   0.0000000E+00   0.0000000E+00
   2.8430539E-09   4.7159697E+06   2.3536988E+23   2.6000000E+01   5.6000000E+01   0.0000000E+00   0.0000000E+00
   3.0334477E-09   5.0318073E+06   2.5912380E+23   2.6000000E+01   5.6000000E+01   0.0000000E+00   0.0000000E+00
   3.2365917E-09   5.3687978E+06   2.8521427E+23   2.6000000E+01   5.6000000E+01   0.0000000E+00   0.0000000E+00
   3.4533399E-09   5.7283579E+06   3.1386546E+23   2.6000000E+01   5.6000000E+01   0.0000000E+00   0.0000000E+00
   3.6846033E-09   6.1119993E+06   3.4532253E+23   2.6000000E+01   5.6000000E+01   0.0000000E+00   0.0000000E+00
   3.9313540E-09   6.5213349E+06   3.7985356E+23   2.6000000E+01   5.6000000E+01   0.0000000E+00   0.0000000E+00
   4.1946290E-09   6.9580855E+06   4.1775167E+23   2.6000000E+01   5.6000000E+01   0.0000000E+00   0.0000000E+00
   4.4755351E-09   7.4240874E+06   4.5933727E+23   2.6000000E+01   5.6000000E+01   0.0000000E+00   0.0000000E+00
   4.7752529E-09   7.9212998E+06   5.0496055E+23   2.6000000E+01   5.6000000E+01   0.0000000E+00   0.0000000E+00
   5.0950422E-09   8.4518131E+06   5.5500423E+23   2.8000000E+01   6.2000000E+01   0.0000000E+00   0.0000000E+00
   5.4362472E-09   9.0178577E+06   6.0988649E+23   2.8000000E+01   6.2000000E+01   0.0000000E+00   0.0000000E+00
   5.8003020E-09   9.6218135E+06   6.7006416E+23   2.8000000E+01   6.2000000E+01   0.0000000E+00   0.0000000E+00
   6.1887369E-09   1.0266220E+07   7.3603630E+23   2.8000000E+01   6.2000000E+01   0.0000000E+00   0.0000000E+00
   6.6031845E-09   1.0953786E+07   8.0834791E+23   2.8000000E+01   6.2000000E+01   0.0000000E+00   0.0000000E+00
   7.0453868E-09   1.1687402E+07   8.8759420E+23   2.8000000E+01   6.2000000E+01   0.0000000E+00   0.0000000E+00
   7.5172025E-09   1.2470154E+07   9.7442501E+23   2.8000000E+01   6.2000000E+01   0.0000000E+00   0.0000000E+00
   8.0206148E-09   1.3305331E+07   1.0695498E+24   2.8000000E+01   6.2000000E+01   0.0000000E+00   0.0000000E+00
   8.5577397E-09   1.4196446E+07   1.1737430E+24   2.8000000E+01   6.2000000E+01   0.0000000E+00   0.0000000E+00
   9.1308347E-09   1.5147246E+07   1.2878498E+24   2.8000000E+01   6.2000000E+01   0.0000000E+00   0.0000000E+00
   9.7423088E-09   1.6161727E+07   1.4127927E+24   2.8000000E+01   6.2000000E+01   0.0000000E+00   0.0000000E+00
   1.0394732E-08   1.7244156E+07   1.5495779E+24   2.8000000E+01   6.2000000E+01   0.0000000E+00   0.0000000E+00
   1.1090847E-08   1.8399084E+07   1.6993035E+24   2.8000000E+01   6.2000000E+01   0.0000000E+00   0.0000000E+00
   1.1833579E-08   1.9631367E+07   1.8631672E+24   2.8000000E+01   6.2000000E+01   0.0000000E+00   0.0000000E+00
   1.2626051E-08   2.0946186E+07   2.0424754E+24   2.8000000E+01   6.2000000E+01   0.0000000E+00   0.0000000E+00
   1.3471593E-08   2.2349069E+07   2.2386529E+24   2.8000000E+01   6.2000000E+01   0.0000000E+00   0.0000000E+00
   1.4373759E-08   2.3845916E+07   2.4532532E+24   2.8000000E+01   6.2000000E+01   0.0000000E+00   0.0000000E+00
   1.5336341E-08   2.5443021E+07   2.6879702E+24   2.8000000E+01   6.2000000E+01   0.0000000E+00   0.0000000E+00
   1.6363386E-08   2.7147098E+07   2.9446507E+24   2.8000000E+01   6.2000000E+01   0.0000000E+00   0.0000000E+00
   1.7459210E-08   2.8965314E+07   3.2253076E+24   2.8000000E+01   6.2000000E+01   0.0000000E+00   0.0000000E+00
   1.8628419E-08   3.0905314E+07   3.5321349E+24   2.8000000E+01   6.2000000E+01   0.0000000E+00   0.0000000E+00
   1.9875928E-08   3.2975256E+07   3.8675238E+24   2.8000000E+01   6.2000000E+01   0.0000000E+00   0.0000000E+00
   2.1206979E-08   3.5183843E+07   4.2340799E+24   2.8000000E+01   6.2000000E+01   0.0000000E+00   0.0000000E+00
   2.2627169E-08   3.7540364E+07   4.6346423E+24   2.8000000E+01   6.2000000E+01   0.0000000E+00   0.0000000E+00
   2.4142466E-08   4.0054727E+07   5.0723040E+24   2.8000000E+01   6.2000000E+01   0.0000000E+00   0.0000000E+00
   2.5759240E-08   4.2737506E+07   5.5504344E+24   2.8000000E+01   6.2000000E+01   0.0000000E+00   0.0000000E+00
   2.7484286E-08   4.5599982E+07   6.0727037E+24   2.8000000E+01   6.2000000E+01   0.0000000E+00   0.0000000E+00
   2.9324855E-08   4.8654192E+07   6.6431092E+24   2.8000000E+01   6.2000000E+01   0.0000000E+00   0.0000000E+00
   3.1288683E-08   5.1912982E+07   7.2660042E+24   2.8000000E+01   6.2000000E+01   0.0000000E+00   0.0000000E+00
   3.3384024E-08   5.5390053E+07   7.9461288E+24   2.8000000E+01   6.2000000E+01   0.0000000E+00   0.0000000E+00
   3.5619687E-08   5.9100031E+07   8.6886445E+24   2.8000000E+01   6.2000000E+01   0.0000000E+00   0.0000000E+00
   3.8005068E-08   6.3058515E+07   9.4991708E+24   2.8000000E+01   6.2000000E+01   0.0000000E+00   0.0000000E+00
   4.0550192E-08   6.7282153E+07   1.0383825E+25   2.8000000E+01   6.2000000E+01   0.0000000E+00   0.0000000E+00
   4.3265759E-08   7.1788709E+07   1.1349266E+25   2.8000000E+01   6.2000000E+01   0.0000000E+00   0.0000000E+00
   4.6163182E-08   7.6597135E+07   1.2402741E+25   2.8000000E+01   6.2000000E+01   0.0000000E+00   0.0000000E+00
   4.9254640E-08   8.1727653E+07   1.3552140E+25   2.8000000E+01   6.2000000E+01   0.0000000E+00   0.0000000E+00
   5.2553127E-08   8.7201840E+07   1.4806046E+25   2.8000000E+01   6.2000000E+01   0.0000000E+00   0.0000000E+00
   5.6072507E-08   9.3042720E+07   1.6173802E+25   2.8000000E+01   6.2000000E+01   0.0000000E+00   0.0000000E+00
   5.9827573E-08   9.9274859E+07   1.7665570E+25   2.8000000E+01   6.2000000E+01   0.0000000E+00   0.0000000E+00
   6.3834108E-08   1.0592447E+08   1.9292410E+25   2.8000000E+01   6.2000000E+01   0.0000000E+00   0.0000000E+00
   6.8108953E-08   1.1301951E+08   2.1066354E+25   2.8000000E+01   6.2000000E+01   0.0000000E+00   0.0000000E+00
   7.2670076E-08   1.2058984E+08   2.3000489E+25   2.8000000E+01   6.2000000E+01   0.0000000E+00   0.0000000E+00
   7.7536648E-08   1.2866728E+08   2.5109052E+25   2.8000000E+01   6.2000000E+01   0.0000000E+00   0.0000000E+00
   8.2729126E-08   1.3728582E+08   2.7407528E+25   2.8000000E+01   6.2000000E+01   0.0000000E+00   0.0000000E+00
   8.8269333E-08   1.4648170E+08   2.9912760E+25   2.8000000E+01   6.2000000E+01   0.0000000E+00   0.0000000E+00
   9.4180557E-08   1.5629361E+08   3.2643065E+25   2.8000000E+01   6.2000000E+01   0.0000000E+00   0.0000000E+00
   1.0048764E-07   1.6676282E+08   3.5618361E+25   2.8000000E+01   6.2000000E+01   0.0000000E+00   0.0000000E+00
   1.0721710E-07   1.7793336E+08   3.8860311E+25   2.8000000E+01   6.2000000E+01   0.0000000E+00   0.0000000E+00
   1.1439722E-07   1.8985222E+08   4.2392466E+25   2.8000000E+01   6.2000000E+01   0.0000000E+00   0.0000000E+00
   1.2205818E-07   2.0256955E+08   4.6240437E+25   2.8000000E+01   6.2000000E+01   0.0000000E+00   0.0000000E+00
   1.3023218E-07   2.1613882E+08   5.0432066E+25   2.8000000E+01   6.2000000E+01   0.0000000E+00   0.0000000E+00
   1.3895357E-07   2.3061714E+08   5.4997624E+25   2.8000000E+01   6.2000000E+01   0.0000000E+00   0.0000000E+00
   1.4825902E-07   2.4606539E+08   5.9970020E+25   2.8000000E+01   6.2000000E+01   0.0000000E+00   0.0000000E+00
   1.5818764E-07   2.6254858E+08   6.5385027E+25   2.8000000E+01   6.2000000E+01   0.0000000E+00   0.0000000E+00
   1.6878115E-07   2.8013603E+08   7.1281533E+25   2.8000000E+01   6.4000000E+01   0.0000000E+00   0.0000000E+00
   1.8008410E-07   2.9890175E+08   7.7701806E+25   2.8000000E+01   6.4000000E+01   0.0000000E+00   0.0000000E+00
   1.9214397E-07   3.1892467E+08   8.4691791E+25   2.8000000E+01   6.4000000E+01   0.0000000E+00   0.0000000E+00
   2.0501148E-07   3.4028904E+08   9.2301423E+25   2.8000000E+01   6.4000000E+01   0.0000000E+00   0.0000000E+00
   2.1874070E-07   3.6308474E+08   1.0058497E+26   2.8000000E+01   6.4000000E+01   0.0000000E+00   0.0000000E+00
   2.3338933E-07   3.8740767E+08   1.0960143E+26   2.8000000E+01   6.4000000E+01   0.0000000E+00   0.0000000E+00
   2.4901896E-07   4.1336018E+08   1.1941489E+26   2.8000000E+01   6.4000000E+01   0.0000000E+00   0.0000000E+00
   2.6569527E-07   4.4105144E+08   1.3009502E+26   2.8000000E+01   6.4000000E+01   0.0000000E+00   0.0000000E+00
   2.8348836E-07   4.7059797E+08   1.4171752E+26   2.8000000E+01   6.4000000E+01   0.0000000E+00   0.0000000E+00
   3.0247302E-07   5.0212410E+08   1.5436464E+26   2.8000000E+01   6.4000000E+01   0.0000000E+00   0.0000000E+00
   3.2272904E-07   5.3576246E+08   1.6812579E+26   2.8000000E+01   6.4000000E+01   0.0000000E+00   0.0000000E+00
   3.4434158E-07   5.7165460E+08   1.8309810E+26   2.8000000E+01   6.4000000E+01   0.0000000E+00   0.0000000E+00
   3.6740146E-07   6.0995155E+08   1.9938710E+26   2.8000000E+01   6.4000000E+01   0.0000000E+00   0.0000000E+00
   3.9200561E-07   6.5081445E+08   2.1710748E+26   2.8000000E+01   6.4000000E+01   0.0000000E+00   0.0000000E+00
   4.1825746E-07   6.9441526E+08   2.3638384E+26   2.8000000E+01   6.4000000E+01   0.0000000E+00   0.0000000E+00
   4.4626734E-07   7.4093744E+08   2.5735158E+26   2.8000000E+01   6.4000000E+01   0.0000000E+00   0.0000000E+00
   4.7615299E-07   7.9057678E+08   2.8015779E+26   2.8000000E+01   6.4000000E+01   0.0000000E+00   0.0000000E+00
   5.0804002E-07   8.4354216E+08   3.0496230E+26   2.8000000E+01   6.4000000E+01   0.0000000E+00   0.0000000E+00
   5.4206246E-07   9.0005647E+08   3.3193876E+26   2.8000000E+01   6.4000000E+01   0.0000000E+00   0.0000000E+00
   5.7836332E-07   9.6035756E+08   3.6127584E+26   2.8000000E+01   6.4000000E+01   0.0000000E+00   0.0000000E+00
   6.1709518E-07   1.0246992E+09   3.9317851E+26   2.8000000E+01   6.4000000E+01   0.0000000E+00   0.0000000E+00
   6.5842084E-07   1.0933522E+09   4.2786948E+26   2.8000000E+01   6.4000000E+01   0.0000000E+00   0.0000000E+00
   7.0251399E-07   1.1666054E+09   4.6559071E+26   2.8000000E+01   6.4000000E+01   0.0000000E+00   0.0000000E+00
   7.4955997E-07   1.2447672E+09   5.0660507E+26   2.8000000E+01   6.4000000E+01   0.0000000E+00   0.0000000E+00
   7.9975653E-07   1.3281666E+09   5.5119817E+26   2.8000000E+01   6.4000000E+01   0.0000000E+00   0.0000000E+00
   8.5331466E-07   1.4171546E+09   5.9968031E+26   2.8000000E+01   6.6000000E+01   0.0000000E+00   0.0000000E+00
   9.1045947E-07   1.5121056E+09   6.5238860E+26   3.6000000E+01   8.6000000E+01   0.0000000E+00   0.0000000E+00
   9.7143115E-07   1.6134195E+09   7.0968933E+26   3.6000000E+01   8.6000000E+01   0.0000000E+00   0.0000000E+00
   1.0364860E-06   1.7215226E+09   7.7198042E+26   3.6000000E+01   8.6000000E+01   0.0000000E+00   0.0000000E+00
   1.1058974E-06   1.8368700E+09   8.3969424E+26   3.6000000E+01   8.6000000E+01   0.0000000E+00   0.0000000E+00
   1.1799572E-06   1.9599473E+09   9.1330051E+26   3.6000000E+01   8.6000000E+01   0.0000000E+00   0.0000000E+00
   1.2589766E-06   2.0912725E+09   9.9330961E+26   3.6000000E+01   8.6000000E+01   0.0000000E+00   0.0000000E+00
   1.3432878E-06   2.2313984E+09   1.0802760E+27   3.6000000E+01   8.6000000E+01   0.0000000E+00   0.0000000E+00
   1.4332452E-06   2.3809150E+09   1.1748023E+27   3.6000000E+01   8.6000000E+01   0.0000000E+00   0.0000000E+00
   1.5292268E-06   2.5404518E+09   1.2775429E+27   3.6000000E+01   8.6000000E+01   0.0000000E+00   0.0000000E+00
   1.6316361E-06   2.7106803E+09   1.3892092E+27   3.6000000E+01   8.6000000E+01   0.0000000E+00   0.0000000E+00
   1.7409036E-06   2.8923172E+09   1.5105739E+27   3.6000000E+01   8.6000000E+01   0.0000000E+00   0.0000000E+00
   1.8574885E-06   3.0861274E+09   1.6424767E+27   3.6000000E+01   8.6000000E+01   0.0000000E+00   0.0000000E+00
   1.9818809E-06   3.2929267E+09   1.7858298E+27   3.4000000E+01   8.4000000E+01   0.0000000E+00   0.0000000E+00
   2.1146035E-06   3.5135859E+09   1.9416246E+27   3.4000000E+01   8.4000000E+01   0.0000000E+00   0.0000000E+00
   2.2562144E-06   3.7490341E+09   2.1109381E+27   3.4000000E+01   8.4000000E+01   0.0000000E+00   0.0000000E+00
   2.4073086E-06   4.0002628E+09   2.2949408E+27   3.4000000E+01   8.4000000E+01   0.0000000E+00   0.0000000E+00
   2.5685214E-06   4.2683297E+09   2.4949042E+27   3.4000000E+01   8.4000000E+01   0.0000000E+00   0.0000000E+00
   2.7405302E-06   4.5543637E+09   2.7122101E+27   3.4000000E+01   8.4000000E+01   0.0000000E+00   0.0000000E+00
   2.9240581E-06   4.8595695E+09   2.9483598E+27   3.4000000E+01   8.4000000E+01   0.0000000E+00   0.0000000E+00
   3.1198766E-06   5.1852321E+09   3.2049846E+27   3.4000000E+01   8.4000000E+01   0.0000000E+00   0.0000000E+00
   3.3288086E-06   5.5327232E+09   3.4838570E+27   3.4000000E+01   8.4000000E+01   0.0000000E+00   0.0000000E+00
   3.5517324E-06   5.9035063E+09   3.7869028E+27   3.4000000E+01   8.4000000E+01   0.0000000E+00   0.0000000E+00
   3.7895849E-06   6.2991429E+09   4.1162146E+27   3.4000000E+01   8.4000000E+01   0.0000000E+00   0.0000000E+00
   4.0433660E-06   6.7212995E+09   4.4740656E+27   3.4000000E+01   8.4000000E+01   0.0000000E+00   0.0000000E+00
   4.3141423E-06   7.1717541E+09   4.8629259E+27   3.4000000E+01   8.4000000E+01   0.0000000E+00   0.0000000E+00
   4.6030520E-06   7.6524043E+09   5.2854788E+27   3.4000000E+01   8.4000000E+01   0.0000000E+00   0.0000000E+00
   4.9113093E-06   8.1652747E+09   5.7446392E+27   3.4000000E+01   8.4000000E+01   0.0000000E+00   0.0000000E+00
   5.2402101E-06   8.7125259E+09   6.2435737E+27   3.4000000E+01   8.4000000E+01   0.0000000E+00   0.0000000E+00
   5.5911367E-06   9.2964632E+09   6.7857217E+27   3.4000000E+01   8.4000000E+01   0.0000000E+00   0.0000000E+00
   5.9655641E-06   9.9195468E+09   7.3748189E+27   3.4000000E+01   8.4000000E+01   0.0000000E+00   0.0000000E+00
   6.3650662E-06   1.0584402E+10   8.0149222E+27   3.4000000E+01   8.4000000E+01   0.0000000E+00   0.0000000E+00
   6.7913223E-06   1.1293830E+10   8.7104369E+27   3.4000000E+01   8.4000000E+01   0.0000000E+00   0.0000000E+00
   7.2461238E-06   1.2050820E+10   9.4661462E+27   3.2000000E+01   8.2000000E+01   0.0000000E+00   0.0000000E+00
   7.7313825E-06   1.2858561E+10   1.0287242E+28   3.2000000E+01   8.2000000E+01   0.0000000E+00   0.0000000E+00
   8.2491380E-06   1.3720459E+10   1.1179361E+28   3.2000000E+01   8.2000000E+01   0.0000000E+00   0.0000000E+00
   8.8015666E-06   1.4640144E+10   1.2148619E+28   3.2000000E+01   8.2000000E+01   0.0000000E+00   0.0000000E+00
   9.3909903E-06   1.5621493E+10   1.3201651E+28   3.2000000E+01   8.2000000E+01   0.0000000E+00   0.0000000E+00
   1.0019886E-05   1.6668643E+10   1.4345654E+28   3.2000000E+01   8.2000000E+01   0.0000000E+00   0.0000000E+00
   1.0690899E-05   1.7786007E+10   1.5588434E+28   3.2000000E+01   8.2000000E+01   0.0000000E+00   0.0000000E+00
   1.1406847E-05   1.8978294E+10   1.6938450E+28   3.2000000E+01   8.2000000E+01   0.0000000E+00   0.0000000E+00
   1.2170741E-05   2.0250531E+10   1.8404873E+28   3.2000000E+01   8.2000000E+01   0.0000000E+00   0.0000000E+00
   1.2985792E-05   2.1608082E+10   1.9997632E+28   3.2000000E+01   8.2000000E+01   0.0000000E+00   0.0000000E+00
   1.3855425E-05   2.3056671E+10   2.1727483E+28   3.2000000E+01   8.2000000E+01   0.0000000E+00   0.0000000E+00
   1.4783296E-05   2.4602404E+10   2.3606064E+28   3.2000000E+01   8.2000000E+01   0.0000000E+00   0.0000000E+00
   1.5773304E-05   2.6251799E+10   2.5645965E+28   3.2000000E+01   8.2000000E+01   0.0000000E+00   0.0000000E+00
   1.6829611E-05   2.8011812E+10   2.7860796E+28   3.0000000E+01   8.0000000E+01   0.0000000E+00   0.0000000E+00
   1.7956657E-05   2.9889865E+10   3.0265259E+28   3.0000000E+01   8.0000000E+01   0.0000000E+00   0.0000000E+00
   1.9159179E-05   3.1893879E+10   3.2875228E+28   3.0000000E+01   8.0000000E+01   0.0000000E+00   0.0000000E+00
   2.0442232E-05   3.4032306E+10   3.5707826E+28   3.0000000E+01   8.0000000E+01   0.0000000E+00   0.0000000E+00
   2.1811208E-05   3.6314165E+10   3.8781508E+28   3.0000000E+01   8.0000000E+01   0.0000000E+00   0.0000000E+00
   2.3271862E-05   3.8749082E+10   4.2116145E+28   3.0000000E+01   8.0000000E+01   0.0000000E+00   0.0000000E+00
   2.4830333E-05   4.1347329E+10   4.5733114E+28   3.0000000E+01   8.0000000E+01   0.0000000E+00   0.0000000E+00
   2.6493172E-05   4.4119866E+10   4.9655383E+28   3.0000000E+01   8.0000000E+01   0.0000000E+00   0.0000000E+00
   2.8267368E-05   4.7078391E+10   5.3907599E+28   3.0000000E+01   8.0000000E+01   0.0000000E+00   0.0000000E+00
   3.0160378E-05   5.0235386E+10   5.8516182E+28   3.0000000E+01   8.0000000E+01   0.0000000E+00   0.0000000E+00
   3.2180159E-05   5.3604171E+10   6.3509408E+28   3.0000000E+01   8.0000000E+01   0.0000000E+00   0.0000000E+00
   3.4335201E-05   5.7198961E+10   6.8917497E+28   3.0000000E+01   8.0000000E+01   0.0000000E+00   0.0000000E+00
   3.6634562E-05   6.1034925E+10   7.4772698E+28   2.8000000E+01   7.8000000E+01   0.0000000E+00   0.0000000E+00
   3.9087907E-05   6.5128249E+10   8.1109367E+28   2.8000000E+01   7.8000000E+01   0.0000000E+00   0.0000000E+00
   4.1705548E-05   6.9496208E+10   8.7964052E+28   2.8000000E+01   7.8000000E+01   0.0000000E+00   0.0000000E+00
   4.4498486E-05   7.4157234E+10   9.5375562E+28   2.8000000E+01   7.8000000E+01   0.0000000E+00   0.0000000E+00
   4.7478463E-05   7.9130996E+10   1.0338505E+29   2.8000000E+01   7.8000000E+01   0.0000000E+00   0.0000000E+00
   5.0658002E-05   8.4438485E+10   1.1203609E+29   2.8000000E+01   7.8000000E+01   0.0000000E+00   0.0000000E+00
   5.4050469E-05   9.0102100E+10   1.2137476E+29   2.8000000E+01   7.8000000E+01   0.0000000E+00   0.0000000E+00
   5.7670123E-05   9.6145740E+10   1.3144977E+29   2.8000000E+01   7.8000000E+01   0.0000000E+00   0.0000000E+00
   6.1532178E-05   1.0259491E+11   1.4231260E+29   2.8000000E+01   7.8000000E+01   0.0000000E+00   0.0000000E+00
   6.5652868E-05   1.0947683E+11   1.5401767E+29   2.8000000E+01   7.8000000E+01   0.0000000E+00   0.0000000E+00
   7.0049512E-05   1.1682054E+11   1.6662268E+29   2.8000000E+01   8.0000000E+01   0.0000000E+00   0.0000000E+00
   7.4740590E-05   1.2465702E+11   1.8018897E+29   2.8000000E+01   8.0000000E+01   0.0000000E+00   0.0000000E+00
   7.9745821E-05   1.3301934E+11   1.9478220E+29   4.2000000E+01   1.2400000E+02   0.0000000E+00   0.0000000E+00
   8.5086242E-05   1.4194280E+11   2.1047314E+29   4.2000000E+01   1.2400000E+02   0.0000000E+00   0.0000000E+00
   9.0784301E-05   1.5146503E+11   2.2733903E+29   4.2000000E+01   1.2400000E+02   0.0000000E+00   0.0000000E+00
   9.6863947E-05   1.6162621E+11   2.4546536E+29   4.2000000E+01   1.2400000E+02   0.0000000E+00   0.0000000E+00
   1.0335074E-04   1.7246922E+11   2.6494837E+29   4.2000000E+01   1.2400000E+02   0.0000000E+00   0.0000000E+00
   1.1027193E-04   1.8403978E+11   2.8589858E+29   4.2000000E+01   1.2400000E+02   0.0000000E+00   0.0000000E+00
   1.1765663E-04   1.9638672E+11   3.0844544E+29   4.2000000E+01   1.2400000E+02   0.0000000E+00   0.0000000E+00
   1.2553586E-04   2.0956210E+11   3.3274344E+29   4.0000000E+01   1.2200000E+02   0.0000000E+00   0.0000000E+00
   1.3394275E-04   2.2362150E+11   3.5897954E+29   4.0000000E+01   1.2200000E+02   0.0000000E+00   0.0000000E+00
   1.4291263E-04   2.3862420E+11   3.8738152E+29   4.0000000E+01   1.2200000E+02   0.0000000E+00   0.0000000E+00
   1.5248321E-04   2.5463349E+11   4.1822530E+29   4.0000000E+01   1.2200000E+02   0.0000000E+00   0.0000000E+00
   1.6269472E-04   2.7171685E+11   4.5183675E+29   3.9000000E+01   1.2100000E+02   0.0000000E+00   0.0000000E+00
   1.7359006E-04   2.8994633E+11   4.8857819E+29   3.8000000E+01   1.2000000E+02   0.0000000E+00   0.0000000E+00
   1.8521505E-04   3.0939878E+11   5.2880157E+29   3.8000000E+01   1.2000000E+02   0.0000000E+00   0.0000000E+00
   1.9761854E-04   3.3015621E+11   5.7273954E+29   3.8000000E+01   1.2200000E+02   0.0000000E+00   0.0000000E+00
   2.1085266E-04   3.5230613E+11   6.2030327E+29   3.8000000E+01   1.2200000E+02   0.0000000E+00   0.0000000E+00
   2.2497305E-04   3.7594190E+11   6.7078801E+29   3.8000000E+01   1.2200000E+02   0.0000000E+00   0.0000000E+00
   2.4003906E-04   4.0116315E+11   7.2259508E+29   3.8000000E+01   1.2200000E+02   0.0000000E+00   0.0000000E+00
   2.5611400E-04   4.2807619E+11   7.7324716E+29   4.0000000E+01   1.3176507E+02   2.2852850E-09   0.0000000E+00
   2.6358884E-04   4.4059165E+11   7.9462371E+29   3.9999954E+01   1.3209452E+02   1.7740664E-02   0.0000000E+00
   2.7128183E-04   4.5347294E+11   8.1501447E+29   3.9999935E+01   1.3241181E+02   3.5228463E-02   0.0000000E+00
   2.7919935E-04   4.6673077E+11   8.3426759E+29   3.9999919E+01   1.3271728E+02   5.2461784E-02   0.0000000E+00
   2.8734794E-04   4.8037614E+11   8.5230130E+29   3.9999906E+01   1.3301128E+02   6.9439105E-02   0.0000000E+00
   2.9573436E-04   4.9442036E+11   8.6911066E+29   3.9999894E+01   1.3329420E+02   8.6159149E-02   0.0000000E+00
   3.0436554E-04   5.0887510E+11   8.8476461E+29   3.9999883E+01   1.3356642E+02   1.0262088E-01   0.0000000E+00
   3.1324863E-04   5.2375234E+11   8.9939464E+29   3.9999873E+01   1.3382834E+02   1.1882349E-01   0.0000000E+00
   3.2239097E-04   5.3906444E+11   9.1317777E+29   3.9999863E+01   1.3408035E+02   1.3476642E-01   0.0000000E+00
   3.3180014E-04   5.5482409E+11   9.2631749E+29   3.9999854E+01   1.3432287E+02   1.5044934E-01   0.0000000E+00
   3.4148392E-04   5.7104438E+11   9.3902574E+29   3.9999845E+01   1.3455631E+02   1.6587211E-01   0.0000000E+00
   3.5145033E-04   5.8773876E+11   9.5150820E+29   3.9999836E+01   1.3478109E+02   1.8103484E-01   0.0000000E+00
   3.6170761E-04   6.0492109E+11   9.6395398E+29   3.9999827E+01   1.3499765E+02   1.9593782E-01   0.0000000E+00
   3.7226426E-04   6.2260562E+11   9.7652957E+29   3.9999819E+01   1.3520640E+02   2.1058155E-01   0.0000000E+00
   3.8312901E-04   6.4080703E+11   9.8937655E+29   3.9999810E+01   1.3540779E+02   2.2496672E-01   0.0000000E+00
   3.9431085E-04   6.5954042E+11   1.0026120E+30   3.9999802E+01   1.3560225E+02   2.3909421E-01   0.0000000E+00
   4.0581904E-04   6.7882133E+11   1.0163305E+30   3.9999794E+01   1.3579023E+02   2.5296506E-01   0.0000000E+00
   4.1766311E-04   6.9866576E+11   1.0306075E+30   3.9999786E+01   1.3597215E+02   2.6658050E-01   0.0000000E+00
   4.2985285E-04   7.1909017E+11   1.0455024E+30   3.9999778E+01   1.3614847E+02   2.7994190E-01   0.0000000E+00
   4.4239836E-04   7.4011152E+11   1.0610624E+30   3.9999770E+01   1.3631962E+02   2.9305079E-01   0.0000000E+00
   4.5531001E-04   7.6174724E+11   1.0773249E+30   3.9999762E+01   1.3648605E+02   3.0590885E-01   0.0000000E+00
   4.6859850E-04   7.8401528E+11   1.0943207E+30   3.9999754E+01   1.3664820E+02   3.1851791E-01   0.0000000E+00
   4.8227482E-04   8.0693412E+11   1.1120759E+30   3.9999746E+01   1.3680651E+02   3.3087989E-01   0.0000000E+00
   4.9635029E-04   8.3052279E+11   1.1306139E+30   3.9999738E+01   1.3696142E+02   3.4299687E-01   0.0000000E+00
   5.1083656E-04   8.5480083E+11   1.1499566E+30   3.9999731E+01   1.3711336E+02   3.5487104E-01   0.0000000E+00
   5.2574563E-04   8.7978842E+11   1.1701257E+30   3.9999723E+01   1.3726278E+02   3.6650469E-01   0.0000000E+00
   5.4108982E-04   9.0550626E+11   1.1911433E+30   3.9999715E+01   1.3741009E+02   3.7790021E-01   0.0000000E+00
   5.5688184E-04   9.3197571E+11   1.2130331E+30   3.9999707E+01   1.3755573E+02   3.8906008E-01   0.0000000E+00
   5.7313476E-04   9.5921872E+11   1.2358200E+30   3.9999699E+01   1.3770012E+02   3.9998688E-01   0.0000000E+00
   5.8986204E-04   9.8725791E+11   1.2595312E+30   3.9999691E+01   1.3784367E+02   4.1068327E-01   0.0000000E+00
   6.0707750E-04   1.0161165E+12   1.2841963E+30   3.9999683E+01   1.3798680E+02   4.2115197E-01   0.0000000E+00
   6.2479541E-04   1.0458185E+12   1.3098472E+30   3.9999675E+01   1.3812992E+02   4.3139579E-01   0.0000000E+00
   6.4303043E-04   1.0763885E+12   1.3365185E+30   3.9999667E+01   1.3827343E+02   4.4141757E-01   0.0000000E+00
   6.6179765E-04   1.1078519E+12   1.3642474E+30   3.9999659E+01   1.3841772E+02   4.5122023E-01   0.0000000E+00
   6.8111260E-04   1.1402348E+12   1.3930742E+30   3.9999650E+01   1.3856319E+02   4.6080673E-01   0.0000000E+00
   7.0099127E-04   1.1735641E+12   1.4230417E+30   3.9999642E+01   1.3871021E+02   4.7018008E-01   0.0000000E+00
   7.2145011E-04   1.2078674E+12   1.4541958E+30   3.9999634E+01   1.3885916E+02   4.7934332E-01   0.0000000E+00
   7.4250605E-04   1.2431731E+12   1.4865853E+30   3.9999625E+01   1.3901041E+02   4.8829954E-01   0.0000000E+00
   7.6417652E-04   1.2795107E+12   1.5202620E+30   3.9999617E+01   1.3916432E+02   4.9705183E-01   0.0000000E+00
   7.8647946E-04   1.3169102E+12   1.5552806E+30   3.9999608E+01   1.3932124E+02   5.0560333E-01   0.0000000E+00
   8.0943332E-04   1.3554026E+12   1.5916991E+30   3.9999600E+01   1.3948151E+02   5.1395718E-01   0.0000000E+00
   8.3305711E-04   1.3950199E+12   1.6295783E+30   3.9999591E+01   1.3964548E+02   5.2211655E-01   0.0000000E+00
   8.5737036E-04   1.4357950E+12   1.6689824E+30   3.9999582E+01   1.3981345E+02   5.3008461E-01   0.0000000E+00
   8.8239322E-04   1.4777618E+12   1.7099786E+30   3.9999574E+01   1.3998576E+02   5.3786455E-01   0.0000000E+00
   9.0814638E-04   1.5209549E+12   1.7526376E+30   3.9999565E+01   1.4016271E+02   5.4545953E-01   0.0000000E+00
   9.3465116E-04   1.5654104E+12   1.7970335E+30   3.9999555E+01   1.4034460E+02   5.5287276E-01   0.0000000E+00
   9.6192950E-04   1.6111650E+12   1.8432435E+30   3.9999546E+01   1.4053172E+02   5.6010739E-01   0.0000000E+00
   9.9000397E-04   1.6582568E+12   1.8913485E+30   3.9999537E+01   1.4072434E+02   5.6716660E-01   0.0000000E+00
   1.0188978E-03   1.7067247E+12   1.9414333E+30   3.9999528E+01   1.4092274E+02   5.7405354E-01   0.0000000E+00
   1.0486349E-03   1.7566091E+12   1.9935860E+30   3.9999518E+01   1.4112717E+02   5.8077136E-01   0.0000000E+00
   1.0792400E-03   1.8079514E+12   2.0478988E+30   3.9999509E+01   1.4133788E+02   5.8732319E-01   0.0000000E+00
   1.1107382E-03   1.8607941E+12   2.1044677E+30   3.9999499E+01   1.4155512E+02   5.9371213E-01   0.0000000E+00
   1.1431558E-03   1.9151811E+12   2.1633929E+30   3.9999489E+01   1.4177910E+02   5.9994127E-01   0.0000000E+00
   1.1765194E-03   1.9711576E+12   2.2247787E+30   3.9999479E+01   1.4201005E+02   6.0601367E-01   0.0000000E+00
   1.2108568E-03   2.0287699E+12   2.2887340E+30   3.9999469E+01   1.4224817E+02   6.1193236E-01   0.0000000E+00
   1.2461964E-03   2.0880660E+12   2.3553719E+30   3.9999459E+01   1.4249367E+02   6.1770036E-01   0.0000000E+00
   1.2825674E-03   2.1490950E+12   2.4248104E+30   3.9999448E+01   1.4274671E+02   6.2332064E-01   0.0000000E+00
   1.3199998E-03   2.2119075E+12   2.4971721E+30   3.9999438E+01   1.4300748E+02   6.2879616E-01   0.0000000E+00
   1.3585248E-03   2.2765558E+12   2.5725849E+30   3.9999427E+01   1.4327614E+02   6.3412982E-01   0.0000000E+00
   1.3981741E-03   2.3430935E+12   2.6511817E+30   3.9999417E+01   1.4355285E+02   6.3932450E-01   0.0000000E+00
   1.4389807E-03   2.4115757E+12   2.7331007E+30   3.9999406E+01   1.4383774E+02   6.4438306E-01   0.0000000E+00
   1.4809782E-03   2.4820594E+12   2.8184858E+30   3.9999395E+01   1.4413095E+02   6.4930830E-01   0.0000000E+00
   1.5242014E-03   2.5546030E+12   2.9074867E+30   3.9999383E+01   1.4443259E+02   6.5410299E-01   0.0000000E+00
   1.5686861E-03   2.6292668E+12   3.0002589E+30   3.9999372E+01   1.4474278E+02   6.5876986E-01   0.0000000E+00
   1.6144691E-03   2.7061127E+12   3.0969642E+30   3.9999360E+01   1.4506161E+02   6.6331162E-01   0.0000000E+00
   1.6615883E-03   2.7852046E+12   3.1977708E+30   3.9999348E+01   1.4538917E+02   6.6773090E-01   0.0000000E+00
   1.7100827E-03   2.8666080E+12   3.3028535E+30   3.9999337E+01   1.4572554E+02   6.7203033E-01   0.0000000E+00
   1.7599925E-03   2.9503906E+12   3.4123941E+30   3.9999324E+01   1.4607079E+02   6.7621248E-01   0.0000000E+00
   1.8113589E-03   3.0366219E+12   3.5265813E+30   3.9999312E+01   1.4642497E+02   6.8027988E-01   0.0000000E+00
   1.8642245E-03   3.1253736E+12   3.6456115E+30   3.9999299E+01   1.4678813E+02   6.8423501E-01   0.0000000E+00
   1.9186330E-03   3.2167191E+12   3.7696884E+30   3.9999287E+01   1.4716031E+02   6.8808033E-01   0.0000000E+00
   1.9746294E-03   3.3107345E+12   3.8990237E+30   3.9999274E+01   1.4754154E+02   6.9181824E-01   0.0000000E+00
   2.0322601E-03   3.4074978E+12   4.0338375E+30   3.9999261E+01   1.4793183E+02   6.9545109E-01   0.0000000E+00
   2.0915728E-03   3.5070893E+12   4.1743579E+30   3.9999247E+01   1.4833119E+02   6.9898122E-01   0.0000000E+00
   2.1526166E-03   3.6095917E+12   4.3208222E+30   3.9999234E+01   1.4873964E+02   7.0241089E-01   0.0000000E+00
   2.2154419E-03   3.7150901E+12   4.4734765E+30   3.9999220E+01   1.4915714E+02   7.0574235E-01   0.0000000E+00
   2.2801009E-03   3.8236721E+12   4.6325760E+30   3.9999206E+01   1.4958370E+02   7.0897778E-01   0.0000000E+00
   2.3466470E-03   3.9354278E+12   4.7983860E+30   3.9999191E+01   1.5001929E+02   7.1211934E-01   0.0000000E+00
   2.4151352E-03   4.0504501E+12   4.9711813E+30   3.9999177E+01   1.5046387E+02   7.1516913E-01   0.0000000E+00
   2.4856224E-03   4.1688345E+12   5.1512472E+30   3.9999162E+01   1.5091740E+02   7.1812923E-01   0.0000000E+00
   2.5581667E-03   4.2906792E+12   5.3388795E+30   3.9999147E+01   1.5137985E+02   7.2100165E-01   0.0000000E+00
   2.6328283E-03   4.4160855E+12   5.5343848E+30   3.9999132E+01   1.5185115E+02   7.2378839E-01   0.0000000E+00
   2.7096689E-03   4.5451576E+12   5.7380810E+30   3.9999116E+01   1.5233125E+02   7.2649140E-01   0.0000000E+00
   2.7887522E-03   4.6780025E+12   5.9502974E+30   3.9999100E+01   1.5282009E+02   7.2911257E-01   0.0000000E+00
   2.8701435E-03   4.8147306E+12   6.1713754E+30   3.9999084E+01   1.5331759E+02   7.3165377E-01   0.0000000E+00
   2.9539103E-03   4.9554556E+12   6.4016685E+30   3.9999067E+01   1.5382369E+02   7.3411683E-01   0.0000000E+00
   3.0401219E-03   5.1002941E+12   6.6415427E+30   3.9999050E+01   1.5433831E+02   7.3650354E-01   0.0000000E+00
   3.1288497E-03   5.2493667E+12   6.8913770E+30   3.9999033E+01   1.5486135E+02   7.3881565E-01   0.0000000E+00
   3.2201670E-03   5.4027970E+12   7.1515635E+30   3.9999015E+01   1.5539275E+02   7.4105488E-01   0.0000000E+00
   3.3141494E-03   5.5607126E+12   7.4225080E+30   3.9998997E+01   1.5593242E+02   7.4322291E-01   0.0000000E+00
   3.4108748E-03   5.7232446E+12   7.7046302E+30   3.9998979E+01   1.5648025E+02   7.4532137E-01   0.0000000E+00
   3.5104232E-03   5.8905280E+12   7.9983640E+30   3.9998960E+01   1.5703617E+02   7.4735187E-01   0.0000000E+00
   3.6128769E-03   6.0627018E+12   8.3041580E+30   3.9998941E+01   1.5760008E+02   7.4931599E-01   0.0000000E+00
   3.7183209E-03   6.2399090E+12   8.6224756E+30   3.9998922E+01   1.5817188E+02   7.5121527E-01   0.0000000E+00
   3.8268422E-03   6.4222969E+12   8.9537957E+30   3.9998902E+01   1.5875150E+02   7.5305122E-01   0.0000000E+00
   3.9385308E-03   6.6100170E+12   9.2986125E+30   3.9998882E+01   1.5933882E+02   7.5482531E-01   0.0000000E+00
   4.0534792E-03   6.8032252E+12   9.6574365E+30   3.9998861E+01   1.5993377E+02   7.5653898E-01   0.0000000E+00
   4.1717823E-03   7.0020821E+12   1.0030794E+31   3.9998840E+01   1.6053626E+02   7.5819365E-01   0.0000000E+00
   4.2935382E-03   7.2067529E+12   1.0419228E+31   3.9998818E+01   1.6114619E+02   7.5979070E-01   0.0000000E+00
   4.4188476E-03   7.4174077E+12   1.0823299E+31   3.9998796E+01   1.6176349E+02   7.6133149E-01   0.0000000E+00
   4.5478143E-03   7.6342215E+12   1.1243584E+31   3.9998773E+01   1.6238806E+02   7.6281735E-01   0.0000000E+00
   4.6805449E-03   7.8573746E+12   1.1680677E+31   3.9998750E+01   1.6301985E+02   7.6424958E-01   0.0000000E+00
   4.8171493E-03   8.0870524E+12   1.2135190E+31   3.9998726E+01   1.6365876E+02   7.6562946E-01   0.0000000E+00
   4.9577406E-03   8.3234457E+12   1.2607754E+31   3.9998702E+01   1.6430475E+02   7.6695823E-01   0.0000000E+00
   5.1024352E-03   8.5667511E+12   1.3099016E+31   3.9998677E+01   1.6495773E+02   7.6823713E-01   0.0000000E+00
   5.2513527E-03   8.8171707E+12   1.3609644E+31   3.9998651E+01   1.6561766E+02   7.6946736E-01   0.0000000E+00
   5.4046165E-03   9.0749128E+12   1.4140322E+31   3.9998625E+01   1.6628449E+02   7.7065009E-01   0.0000000E+00
   5.5623534E-03   9.3401915E+12   1.4691756E+31   3.9998598E+01   1.6695816E+02   7.7178650E-01   0.0000000E+00
   5.7246939E-03   9.6132275E+12   1.5264666E+31   3.9998570E+01   1.6763865E+02   7.7287772E-01   0.0000000E+00
   5.8917725E-03   9.8942476E+12   1.5859796E+31   3.9998542E+01   1.6832592E+02   7.7392487E-01   0.0000000E+00
   6.0637273E-03   1.0183486E+13   1.6477907E+31   3.9998513E+01   1.6901996E+02   7.7492907E-01   0.0000000E+00
   6.2407007E-03   1.0481182E+13   1.7119779E+31   3.9998483E+01   1.6972074E+02   7.7589140E-01   0.0000000E+00
   6.4228392E-03   1.0787584E+13   1.7786213E+31   3.9998452E+01   1.7042826E+02   7.7681292E-01   0.0000000E+00
   6.6102935E-03   1.1102947E+13   1.8478027E+31   3.9998421E+01   1.7114253E+02   7.7769471E-01   0.0000000E+00
   6.8032188E-03   1.1427532E+13   1.9196060E+31   3.9998388E+01   1.7186355E+02   7.7853779E-01   0.0000000E+00
   7.0017747E-03   1.1761611E+13   1.9941171E+31   3.9998354E+01   1.7259135E+02   7.7934321E-01   0.0000000E+00
   7.2061255E-03   1.2105460E+13   2.0714237E+31   3.9998320E+01   1.7332596E+02   7.8011199E-01   0.0000000E+00
   7.4164405E-03   1.2459365E+13   2.1516156E+31   3.9998284E+01   1.7406741E+02   7.8084514E-01   0.0000000E+00
   7.6328937E-03   1.2823622E+13   2.2347844E+31   3.9998248E+01   1.7481575E+02   7.8154365E-01   0.0000000E+00
   7.8556641E-03   1.3198532E+13   2.3210238E+31   3.9998210E+01   1.7557105E+02   7.8220853E-01   0.0000000E+00
   8.0849363E-03   1.3584408E+13   2.4104292E+31   3.9998171E+01   1.7633336E+02   7.8284076E-01   0.0000000E+00
   8.3208998E-03   1.3981571E+13   2.5030981E+31   3.9998130E+01   1.7710276E+02   7.8344132E-01   0.0000000E+00
   8.5637502E-03   1.4390352E+13   2.5991299E+31   3.9998089E+01   1.7787934E+02   7.8401120E-01   0.0000000E+00
   8.8136882E-03   1.4811089E+13   2.6986259E+31   3.9998046E+01   1.7866319E+02   7.8455137E-01   0.0000000E+00
   9.0709208E-03   1.5244134E+13   2.8016891E+31   3.9998001E+01   1.7945442E+02   7.8506281E-01   0.0000000E+00
   9.3356609E-03   1.5689847E+13   2.9084248E+31   3.9997954E+01   1.8025313E+02   7.8554649E-01   0.0000000E+00
   9.6081277E-03   1.6148598E+13   3.0189398E+31   3.9997906E+01   1.8105944E+02   7.8600340E-01   0.0000000E+00
   9.8885465E-03   1.6620770E+13   3.1333431E+31   3.9997856E+01   1.8187348E+02   7.8643451E-01   0.0000000E+00
   1.0177149E-02   1.7106755E+13   3.2517455E+31   3.9997805E+01   1.8269538E+02   7.8684080E-01   0.0000000E+00
   1.0474175E-02   1.7606958E+13   3.3742595E+31   3.9997751E+01   1.8352529E+02   7.8722328E-01   0.0000000E+00
   1.0779870E-02   1.8121796E+13   3.5010000E+31   3.9997695E+01   1.8436333E+02   7.8758293E-01   0.0000000E+00
   1.1094487E-02   1.8651696E+13   3.6320836E+31   3.9997636E+01   1.8520967E+02   7.8792077E-01   0.0000000E+00
   1.1418286E-02   1.9197100E+13   3.7676289E+31   3.9997575E+01   1.8606446E+02   7.8823780E-01   0.0000000E+00
   1.1751536E-02   1.9758462E+13   3.9077568E+31   3.9997511E+01   1.8692784E+02   7.8853507E-01   0.0000000E+00
   1.2094511E-02   2.0336249E+13   4.0525902E+31   3.9997444E+01   1.8779999E+02   7.8881361E-01   0.0000000E+00
   1.2447496E-02   2.0930943E+13   4.2022544E+31   3.9997374E+01   1.8868105E+02   7.8907448E-01   0.0000000E+00
   1.2810784E-02   2.1543038E+13   4.3568772E+31   3.9997301E+01   1.8957117E+02   7.8931876E-01   0.0000000E+00
   1.3184674E-02   2.2173044E+13   4.5165888E+31   3.9997224E+01   1.9047052E+02   7.8954753E-01   0.0000000E+00
   1.3569476E-02   2.2821487E+13   4.6815222E+31   3.9997143E+01   1.9137923E+02   7.8976192E-01   0.0000000E+00
   1.3965510E-02   2.3488906E+13   4.8518135E+31   3.9997058E+01   1.9229744E+02   7.8996304E-01   0.0000000E+00
   1.4373101E-02   2.4175857E+13   5.0276021E+31   3.9996967E+01   1.9322527E+02   7.9015207E-01   0.0000000E+00
   1.4792588E-02   2.4882911E+13   5.2090308E+31   3.9996872E+01   1.9416285E+02   7.9033018E-01   0.0000000E+00
   1.5224319E-02   2.5610659E+13   5.3962465E+31   3.9996771E+01   1.9511025E+02   7.9049858E-01   0.0000000E+00
   1.5668649E-02   2.6359707E+13   5.5894007E+31   3.9996664E+01   1.9606757E+02   7.9065851E-01   0.0000000E+00
   1.6125948E-02   2.7130678E+13   5.7886494E+31   3.9996550E+01   1.9703484E+02   7.9081124E-01   0.0000000E+00
   1.6596593E-02   2.7924214E+13   5.9941545E+31   3.9996429E+01   1.9801210E+02   7.9095806E-01   0.0000000E+00
   1.7080975E-02   2.8740978E+13   6.2060838E+31   3.9996299E+01   1.9899931E+02   7.9110032E-01   0.0000000E+00
   1.7579493E-02   2.9581649E+13   6.4246123E+31   3.9996160E+01   1.9999642E+02   7.9123938E-01   0.0000000E+00
   1.8092560E-02   3.0446929E+13   6.6499225E+31   3.9996011E+01   2.0100333E+02   7.9137665E-01   0.0000000E+00
   1.8620602E-02   3.1337538E+13   6.8822060E+31   3.9995851E+01   2.0201988E+02   7.9151358E-01   0.0000000E+00
   1.9164056E-02   3.2254218E+13   7.1216640E+31   3.9995678E+01   2.0304584E+02   7.9165166E-01   0.0000000E+00
   1.9723370E-02   3.3197733E+13   7.3685092E+31   3.9995492E+01   2.0408090E+02   7.9179242E-01   0.0000000E+00
   2.0299008E-02   3.4168871E+13   7.6229666E+31   3.9995290E+01   2.0512467E+02   7.9193743E-01   0.0000000E+00
   2.0891446E-02   3.5168440E+13   7.8852755E+31   3.9995070E+01   2.0617669E+02   7.9208833E-01   0.0000000E+00
   2.1501175E-02   3.6197274E+13   8.1556908E+31   3.9994830E+01   2.0723633E+02   7.9224679E-01   0.0000000E+00
   2.2128699E-02   3.7256230E+13   8.4344856E+31   3.9994568E+01   2.0830288E+02   7.9241454E-01   0.0000000E+00
   2.2774538E-02   3.8346191E+13   8.7219527E+31   3.9994281E+01   2.0937547E+02   7.9259334E-01   0.0000000E+00
   2.3439227E-02   3.9468066E+13   9.0184072E+31   3.9993965E+01   2.1045306E+02   7.9278505E-01   0.0000000E+00
   2.4123314E-02   4.0622790E+13   9.3241892E+31   3.9993617E+01   2.1153442E+02   7.9299155E-01   0.0000000E+00
   2.4827367E-02   4.1811327E+13   9.6396668E+31   3.9993232E+01   2.1261812E+02   7.9321479E-01   0.0000000E+00
   2.5551968E-02   4.3034666E+13   9.9652386E+31   3.9992804E+01   2.1370249E+02   7.9345679E-01   0.0000000E+00
   2.6297717E-02   4.4293829E+13   1.0301338E+32   3.9992327E+01   2.1478559E+02   7.9371961E-01   0.0000000E+00
   2.7065232E-02   4.5589865E+13   1.0648436E+32   3.9991794E+01   2.1586517E+02   7.9400540E-01   0.0000000E+00
   2.7855146E-02   4.6923854E+13   1.1007046E+32   3.9991197E+01   2.1693866E+02   7.9431636E-01   0.0000000E+00
   2.8668115E-02   4.8296910E+13   1.1377727E+32   3.9990524E+01   2.1800309E+02   7.9465477E-01   0.0000000E+00
   2.9504811E-02   4.9710178E+13   1.1761090E+32   3.9989764E+01   2.1905509E+02   7.9502297E-01   0.0000000E+00
   3.0365926E-02   5.1164836E+13   1.2157801E+32   3.9988902E+01   2.2009081E+02   7.9542337E-01   0.0000000E+00
   3.1252173E-02   5.2662097E+13   1.2568588E+32   3.9987921E+01   2.2110590E+02   7.9585848E-01   0.0000000E+00
   3.2164286E-02   5.4203211E+13   1.2994244E+32   3.9986801E+01   2.2209542E+02   7.9633086E-01   0.0000000E+00
   3.3103019E-02   5.5789462E+13   1.3435636E+32   3.9985515E+01   2.2305380E+02   7.9684314E-01   0.0000000E+00
   3.4069150E-02   5.7422175E+13   1.3893707E+32   3.9984035E+01   2.2397480E+02   7.9739807E-01   0.0000000E+00
   3.5063478E-02   5.9102711E+13   1.4369484E+32   3.9982322E+01   2.2485143E+02   7.9799844E-01   0.0000000E+00
   3.6086826E-02   6.0832472E+13   1.4864084E+32   3.9980332E+01   2.2567589E+02   7.9864716E-01   0.0000000E+00
   3.7140041E-02   6.2612902E+13   1.5378718E+32   3.9978011E+01   2.2643951E+02   7.9934720E-01   0.0000000E+00
   3.8223995E-02   6.4445485E+13   1.5914695E+32   3.9975288E+01   2.2713272E+02   8.0010163E-01   0.0000000E+00
   3.9339585E-02   6.6331752E+13   1.6473431E+32   3.9972081E+01   2.2774497E+02   8.0091362E-01   0.0000000E+00
   4.0487733E-02   6.8273276E+13   1.7056441E+32   3.9968281E+01   2.2826471E+02   8.0178645E-01   0.0000000E+00
   4.1669392E-02   7.0271679E+13   1.7665351E+32   3.9963757E+01   2.2867937E+02   8.0272347E-01   0.0000000E+00
   4.2885537E-02   7.2328628E+13   1.8301885E+32   3.9958337E+01   2.2897532E+02   8.0372817E-01   0.0000000E+00
   4.4137176E-02   7.4445841E+13   1.8967867E+32   3.9951804E+01   2.2913794E+02   8.0480417E-01   0.0000000E+00
   4.5425346E-02   7.6625087E+13   1.9665202E+32   3.9943876E+01   2.2915164E+02   8.0595521E-01   0.0000000E+00
   4.6751111E-02   7.8868185E+13   2.0395863E+32   3.9934188E+01   2.2899994E+02   8.0718521E-01   0.0000000E+00
   4.8115569E-02   8.1177010E+13   2.1161857E+32   3.9922253E+01   2.2866558E+02   8.0849825E-01   0.0000000E+00
   4.9519850E-02   8.3553491E+13   2.1965197E+32   3.9907425E+01   2.2813071E+02   8.0989871E-01   0.0000000E+00
   5.0965116E-02   8.5999617E+13   2.2807840E+32   3.9888828E+01   2.2737704E+02   8.1139125E-01   0.0000000E+00
   5.2452563E-02   8.8517432E+13   2.3691633E+32   3.9865257E+01   2.2638608E+02   8.1298101E-01   0.0000000E+00
   5.3983421E-02   9.1109045E+13   2.4618226E+32   3.9835029E+01   2.2513927E+02   8.1467383E-01   0.0000000E+00
   5.5558959E-02   9.3776625E+13   2.5588994E+32   3.9795745E+01   2.2361806E+02   8.1647662E-01   0.0000000E+00
   5.7180480E-02   9.6522407E+13   2.6604940E+32   3.9743915E+01   2.2180361E+02   8.1839813E-01   0.0000000E+00
   5.8849325E-02   9.9348694E+13   2.7666644E+32   3.9674332E+01   2.1967584E+02   8.2045028E-01   0.0000000E+00
   6.0566877E-02   1.0225786E+14   2.8774272E+32   3.9579002E+01   2.1721092E+02   8.2265090E-01   0.0000000E+00
   6.2334557E-02   1.0525234E+14   2.9927744E+32   3.9445240E+01   2.1437552E+02   8.2502911E-01   0.0000000E+00
   6.4153827E-02   1.0833466E+14   3.1127198E+32   3.9252118E+01   2.1111406E+02   8.2763657E-01   0.0000000E+00
   6.6026194E-02   1.1150742E+14   3.2373957E+32   3.8963468E+01   2.0732036E+02   8.3057160E-01   0.0000000E+00
   6.7953207E-02   1.1477328E+14   3.3672283E+32   3.8513200E+01   2.0277406E+02   8.3403256E-01   0.0000000E+00
   6.9936461E-02   1.1813500E+14   3.5032213E+32   3.7772135E+01   1.9699443E+02   8.3843971E-01   0.0000000E+00
   7.1977597E-02   1.2159543E+14   3.6473642E+32   3.6466389E+01   1.8889365E+02   8.4472378E-01   0.0000000E+00
   7.4078305E-02   1.2515750E+14   3.8031351E+32   5.6525886E+01   2.8054300E+02   8.5349907E-01   0.0000000E+00
   7.6240324E-02   1.2882423E+14   3.9759763E+32   5.2373148E+01   2.5491335E+02   8.7185598E-01   0.0000000E+00
   7.8465442E-02   1.3259874E+14   4.1735109E+32   3.0945219E+01   1.6164401E+02   9.1271102E-01   0.0000000E+00
   8.0755502E-02   1.3648425E+14   4.4052159E+32   0.0000000E+00   0.0000000E+00   9.6647644E-01   0.0000000E+00
   8.2060897E-02   1.3869948E+14   4.5530263E+32   0.0000000E+00   0.0000000E+00   9.6618969E-01   0.0000000E+00
   8.3387394E-02   1.4095083E+14   4.7164104E+32   0.0000000E+00   0.0000000E+00   9.6590361E-01   0.0000000E+00
   8.4735333E-02   1.4323889E+14   4.8969573E+32   0.0000000E+00   0.0000000E+00   9.6561827E-01   0.0000000E+00
   8.6105061E-02   1.4556426E+14   5.0960344E+32   0.0000000E+00   0.0000000E+00   9.6533375E-01   0.0000000E+00
   8.7496931E-02   1.4792759E+14   5.3147445E+32   0.0000000E+00   0.0000000E+00   9.6505012E-01   0.0000000E+00
   8.8911300E-02   1.5032949E+14   5.5539165E+32   0.0000000E+00   0.0000000E+00   9.6476745E-01   0.0000000E+00
   9.0348531E-02   1.5277061E+14   5.8141285E+32   0.0000000E+00   0.0000000E+00   9.6448581E-01   0.0000000E+00
   9.1808996E-02   1.5525162E+14   6.0957585E+32   0.0000000E+00   0.0000000E+00   9.6420527E-01   0.0000000E+00
   9.3293068E-02   1.5777318E+14   6.3990509E+32   0.0000000E+00   0.0000000E+00   9.6392589E-01   0.0000000E+00
   9.4801130E-02   1.6033598E+14   6.7241899E+32   0.0000000E+00   0.0000000E+00   9.6364774E-01   0.0000000E+00
   9.6333570E-02   1.6294071E+14   7.0713692E+32   0.0000000E+00   0.0000000E+00   9.6337087E-01   0.0000000E+00
   9.7890781E-02   1.6558809E+14   7.4408516E+32   0.0000000E+00   0.0000000E+00   9.6309535E-01   0.0000000E+00
   9.9473164E-02   1.6827883E+14   7.8330158E+32   0.0000000E+00   0.0000000E+00   9.6282123E-01   0.0000000E+00
   1.0108113E-01   1.7101367E+14   8.2483889E+32   0.0000000E+00   0.0000000E+00   9.6254855E-01   0.0000000E+00
   1.0271508E-01   1.7379337E+14   8.6876671E+32   0.0000000E+00   0.0000000E+00   9.6227736E-01   0.0000000E+00
   1.0437545E-01   1.7661869E+14   9.1517256E+32   0.0000000E+00   0.0000000E+00   9.6200771E-01   0.0000000E+00
   1.0606265E-01   1.7949042E+14   9.6416226E+32   0.0000000E+00   0.0000000E+00   9.6173962E-01   0.0000000E+00
   1.0777713E-01   1.8240935E+14   1.0158598E+33   0.0000000E+00   0.0000000E+00   9.6147314E-01   0.0000000E+00
   1.0951933E-01   1.8537629E+14   1.0704069E+33   0.0000000E+00   0.0000000E+00   9.6120828E-01   0.0000000E+00
   1.1128968E-01   1.8839208E+14   1.1279625E+33   0.0000000E+00   0.0000000E+00   9.6094507E-01   0.0000000E+00
   1.1308866E-01   1.9145756E+14   1.1887027E+33   0.0000000E+00   0.0000000E+00   9.6068352E-01   0.0000000E+00
   1.1491671E-01   1.9457361E+14   1.2528199E+33   0.0000000E+00   0.0000000E+00   9.6042363E-01   0.0000000E+00
   1.1677432E-01   1.9774109E+14   1.3205228E+33   0.0000000E+00   0.0000000E+00   9.6016542E-01   0.0000000E+00
   1.1866195E-01   2.0096092E+14   1.3920364E+33   0.0000000E+00   0.0000000E+00   9.5990888E-01   0.0000000E+00
   1.2058009E-01   2.0423402E+14   1.4676019E+33   0.0000000E+00   0.0000000E+00   9.5965399E-01   0.0000000E+00
   1.2252924E-01   2.0756132E+14   1.5474772E+33   0.0000000E+00   0.0000000E+00   9.5940073E-01   0.0000000E+00
   1.2450990E-01   2.1094379E+14   1.6319368E+33   0.0000000E+00   0.0000000E+00   9.5914907E-01   0.0000000E+00
   1.2652258E-01   2.1438241E+14   1.7212729E+33   0.0000000E+00   0.0000000E+00   9.5889530E-01   3.6777183E-06
   1.2856779E-01   2.1787818E+14   1.8157951E+33   0.0000000E+00   0.0000000E+00   9.5856217E-01   8.8227618E-05
   1.3064606E-01   2.2143214E+14   1.9158320E+33   0.0000000E+00   0.0000000E+00   9.5817748E-01   2.2581217E-04
   1.3275792E-01   2.2504533E+14   2.0217312E+33   0.0000000E+00   0.0000000E+00   9.5775881E-01   3.9876586E-04
   1.3490392E-01   2.2871882E+14   2.1338608E+33   0.0000000E+00   0.0000000E+00   9.5731360E-01   5.9958404E-04
   1.3708462E-01   2.3245371E+14   2.2526095E+33   0.0000000E+00   0.0000000E+00   9.5684634E-01   8.2369128E-04
   1.3930056E-01   2.3625112E+14   2.3783885E+33   0.0000000E+00   0.0000000E+00   9.5636012E-01   1.0678941E-03
   1.4155232E-01   2.4011221E+14   2.5116316E+33   0.0000000E+00   0.0000000E+00   9.5585724E-01   1.3297926E-03
   1.4384049E-01   2.4403815E+14   2.6527969E+33   0.0000000E+00   0.0000000E+00   9.5533946E-01   1.6074974E-03
   1.4616564E-01   2.4803014E+14   2.8023677E+33   0.0000000E+00   0.0000000E+00   9.5480819E-01   1.8994746E-03
   1.4852837E-01   2.5208942E+14   2.9608538E+33   0.0000000E+00   0.0000000E+00   9.5426455E-01   2.2044513E-03
   1.5092930E-01   2.5621725E+14   3.1287925E+33   0.0000000E+00   0.0000000E+00   9.5370946E-01   2.5213551E-03
   1.5336904E-01   2.6041492E+14   3.3067499E+33   0.0000000E+00   0.0000000E+00   9.5314367E-01   2.8492732E-03
   1.5584822E-01   2.6468376E+14   3.4953224E+33   0.0000000E+00   0.0000000E+00   9.5256776E-01   3.1874228E-03
   1.5836747E-01   2.6902512E+14   3.6951380E+33   0.0000000E+00   0.0000000E+00   9.5198223E-01   3.5351304E-03
   1.6092745E-01   2.7344040E+14   3.9068576E+33   0.0000000E+00   0.0000000E+00   9.5138742E-01   3.8918158E-03
   1.6352880E-01   2.7793102E+14   4.1311763E+33   0.0000000E+00   0.0000000E+00   9.5078362E-01   4.2569800E-03
   1.6617221E-01   2.8249844E+14   4.3688253E+33   0.0000000E+00   0.0000000E+00   9.5017101E-01   4.6301958E-03
   1.6885835E-01   2.8714417E+14   4.6205732E+33   0.0000000E+00   0.0000000E+00   9.4954969E-01   5.0111004E-03
   1.7158791E-01   2.9186974E+14   4.8872273E+33   0.0000000E+00   0.0000000E+00   9.4891969E-01   5.3993897E-03
   1.7436159E-01   2.9667673E+14   5.1696357E+33   0.0000000E+00   0.0000000E+00   9.4828098E-01   5.7948132E-03
   1.7718010E-01   3.0156675E+14   5.4686888E+33   0.0000000E+00   0.0000000E+00   9.4763344E-01   6.1971702E-03
   1.8004418E-01   3.0654148E+14   5.7853208E+33   0.0000000E+00   0.0000000E+00   9.4697690E-01   6.6063067E-03
   1.8295456E-01   3.1160261E+14   6.1205116E+33   0.0000000E+00   0.0000000E+00   9.4631114E-01   7.0221126E-03
   1.8591198E-01   3.1675190E+14   6.4752889E+33   0.0000000E+00   0.0000000E+00   9.4563585E-01   7.4445199E-03
   1.8891721E-01   3.2199115E+14   6.8507296E+33   0.0000000E+00   0.0000000E+00   9.4495070E-01   7.8735001E-03
   1.9197101E-01   3.2732219E+14   7.2479618E+33   0.0000000E+00   0.0000000E+00   9.4425528E-01   8.3090635E-03
   1.9507418E-01   3.3274694E+14   7.6681673E+33   0.0000000E+00   0.0000000E+00   9.4354912E-01   8.7512573E-03
   1.9822751E-01   3.3826733E+14   8.1125827E+33   0.0000000E+00   0.0000000E+00   9.4283171E-01   9.2001647E-03
   2.0143182E-01   3.4388538E+14   8.5825026E+33   0.0000000E+00   0.0000000E+00   9.4210248E-01   9.6559042E-03
   2.0468792E-01   3.4960313E+14   9.0792807E+33   0.0000000E+00   0.0000000E+00   9.4136081E-01   1.0118628E-02
   2.0799665E-01   3.5542271E+14   9.6043327E+33   0.0000000E+00   0.0000000E+00   9.4060601E-01   1.0588523E-02
   2.1135887E-01   3.6134629E+14   1.0159138E+34   0.0000000E+00   0.0000000E+00   9.3983737E-01   1.1065807E-02
   2.1477545E-01   3.6737611E+14   1.0745244E+34   0.0000000E+00   0.0000000E+00   9.3905409E-01   1.1550733E-02
   2.1824724E-01   3.7351446E+14   1.1364265E+34   0.0000000E+00   0.0000000E+00   9.3825536E-01   1.2043584E-02
   2.2177516E-01   3.7976372E+14   1.2017887E+34   0.0000000E+00   0.0000000E+00   9.3744028E-01   1.2544674E-02
   2.2536011E-01   3.8612633E+14   1.2707872E+34   0.0000000E+00   0.0000000E+00   9.3660793E-01   1.3054350E-02
   2.2900301E-01   3.9260477E+14   1.3436056E+34   0.0000000E+00   0.0000000E+00   9.3575731E-01   1.3572988E-02
   2.3270479E-01   3.9920164E+14   1.4204357E+34   0.0000000E+00   0.0000000E+00   9.3488740E-01   1.4100995E-02
   2.3646641E-01   4.0591959E+14   1.5014773E+34   0.0000000E+00   0.0000000E+00   9.3399712E-01   1.4638808E-02
   2.4028884E-01   4.1276135E+14   1.5869390E+34   0.0000000E+00   0.0000000E+00   9.3308533E-01   1.5186893E-02
   2.4417306E-01   4.1972973E+14   1.6770380E+34   0.0000000E+00   0.0000000E+00   9.3215086E-01   1.5745745E-02
   2.4812006E-01   4.2682763E+14   1.7720009E+34   0.0000000E+00   0.0000000E+00   9.3119248E-01   1.6315889E-02
   2.5213087E-01   4.3405804E+14   1.8720636E+34   0.0000000E+00   0.0000000E+00   9.3020892E-01   1.6897876E-02
   2.5620651E-01   4.4142402E+14   1.9774721E+34   0.0000000E+00   0.0000000E+00   9.2919887E-01   1.7492285E-02
   2.6034803E-01   4.4892874E+14   2.0884824E+34   0.0000000E+00   0.0000000E+00   9.2816097E-01   1.8099722E-02
   2.6455650E-01   4.5657547E+14   2.2053613E+34   0.0000000E+00   0.0000000E+00   9.2709381E-01   1.8720820E-02
   2.6883300E-01   4.6436756E+14   2.3283863E+34   0.0000000E+00   0.0000000E+00   9.2599596E-01   1.9356236E-02
   2.7317863E-01   4.7230849E+14   2.4578467E+34   0.0000000E+00   0.0000000E+00   9.2486594E-01   2.0006652E-02
   2.7759450E-01   4.8040182E+14   2.5940434E+34   0.0000000E+00   0.0000000E+00   9.2370223E-01   2.0672774E-02
   2.8208176E-01   4.8865125E+14   2.7372895E+34   0.0000000E+00   0.0000000E+00   9.2250328E-01   2.1355330E-02
   2.8664155E-01   4.9706055E+14   2.8879111E+34   0.0000000E+00   0.0000000E+00   9.2126750E-01   2.2055070E-02
   2.9127504E-01   5.0563366E+14   3.0462473E+34   0.0000000E+00   0.0000000E+00   9.1999328E-01   2.2772762E-02
   2.9598344E-01   5.1437462E+14   3.2126510E+34   0.0000000E+00   0.0000000E+00   9.1867898E-01   2.3509195E-02
   3.0076795E-01   5.2328758E+14   3.3874895E+34   0.0000000E+00   0.0000000E+00   9.1732294E-01   2.4265174E-02
   3.0562980E-01   5.3237686E+14   3.5711448E+34   0.0000000E+00   0.0000000E+00   9.1592347E-01   2.5041519E-02
   3.1057024E-01   5.4164689E+14   3.7640143E+34   0.0000000E+00   0.0000000E+00   9.1447887E-01   2.5839063E-02
   3.1559054E-01   5.5110225E+14   3.9665116E+34   0.0000000E+00   0.0000000E+00   9.1298743E-01   2.6658654E-02
   3.2069199E-01   5.6074767E+14   4.1790667E+34   0.0000000E+00   0.0000000E+00   9.1144742E-01   2.7501144E-02
   3.2587591E-01   5.7058803E+14   4.4021270E+34   0.0000000E+00   0.0000000E+00   9.0985711E-01   2.8367396E-02
   3.3114362E-01   5.8062837E+14   4.6361581E+34   0.0000000E+00   0.0000000E+00   9.0821479E-01   2.9258276E-02
   3.3649649E-01   5.9087389E+14   4.8816441E+34   0.0000000E+00   0.0000000E+00   9.0651873E-01   3.0174653E-02
   3.4193588E-01   6.0132998E+14   5.1390887E+34   0.0000000E+00   0.0000000E+00   9.0476721E-01   3.1117394E-02
   3.4746320E-01   6.1200218E+14   5.4090161E+34   0.0000000E+00   0.0000000E+00   9.0295856E-01   3.2087362E-02
   3.5307986E-01   6.2289623E+14   5.6919714E+34   0.0000000E+00   0.0000000E+00   9.0109110E-01   3.3085415E-02
   3.5878732E-01   6.3401806E+14   5.9885218E+34   0.0000000E+00   0.0000000E+00   8.9916320E-01   3.4112397E-02
   3.6458704E-01   6.4537380E+14   6.2992577E+34   0.0000000E+00   0.0000000E+00   8.9717324E-01   3.5169141E-02
   3.7048051E-01   6.5696978E+14   6.6247930E+34   0.0000000E+00   0.0000000E+00   8.9511969E-01   3.6256464E-02
   3.7646925E-01   6.6881255E+14   6.9657669E+34   0.0000000E+00   0.0000000E+00   8.9300102E-01   3.7375158E-02
   3.8255479E-01   6.8090888E+14   7.3228445E+34   0.0000000E+00   0.0000000E+00   8.9081578E-01   3.8525992E-02
   3.8873871E-01   6.9326576E+14   7.6967181E+34   0.0000000E+00   0.0000000E+00   8.8856260E-01   3.9709707E-02
   3.9502259E-01   7.0589045E+14   8.0881081E+34   0.0000000E+00   0.0000000E+00   8.8624015E-01   4.0927009E-02
   4.0140804E-01   7.1879042E+14   8.4977646E+34   0.0000000E+00   0.0000000E+00   8.8384722E-01   4.2178568E-02
   4.0789671E-01   7.3197343E+14   8.9264684E+34   0.0000000E+00   0.0000000E+00   8.8138265E-01   4.3465012E-02
   4.1449028E-01   7.4544748E+14   9.3750325E+34   0.0000000E+00   0.0000000E+00   8.7884541E-01   4.4786923E-02
   4.2119042E-01   7.5922089E+14   9.8443036E+34   0.0000000E+00   0.0000000E+00   8.7623455E-01   4.6144835E-02
   4.2799887E-01   7.7330223E+14   1.0335163E+35   0.0000000E+00   0.0000000E+00   8.7354926E-01   4.7539226E-02
   4.3491738E-01   7.8770039E+14   1.0848529E+35   0.0000000E+00   0.0000000E+00   8.7078882E-01   4.8970514E-02
   4.4194773E-01   8.0242458E+14   1.1385359E+35   0.0000000E+00   0.0000000E+00   8.6795266E-01   5.0439057E-02
   4.4909171E-01   8.1748433E+14   1.1946648E+35   0.0000000E+00   0.0000000E+00   8.6504035E-01   5.1945145E-02
   4.5635118E-01   8.3288949E+14   1.2533434E+35   0.0000000E+00   0.0000000E+00   8.6205158E-01   5.3488998E-02
   4.6372800E-01   8.4865030E+14   1.3146800E+35   0.0000000E+00   0.0000000E+00   8.5898623E-01   5.5070759E-02
   4.7122406E-01   8.6477734E+14   1.3787872E+35   0.0000000E+00   0.0000000E+00   8.5584429E-01   5.6690497E-02
   4.7884130E-01   8.8128159E+14   1.4457825E+35   0.0000000E+00   0.0000000E+00   8.5262595E-01   5.8348195E-02
   4.8658166E-01   8.9817440E+14   1.5157884E+35   0.0000000E+00   0.0000000E+00   8.4933156E-01   6.0043755E-02
   4.9444715E-01   9.1546757E+14   1.5889326E+35   0.0000000E+00   0.0000000E+00   8.4596164E-01   6.1776989E-02
   5.0243978E-01   9.3317329E+14   1.6653481E+35   0.0000000E+00   0.0000000E+00   8.4251689E-01   6.3547621E-02
   5.1056161E-01   9.5130424E+14   1.7451738E+35   0.0000000E+00   0.0000000E+00   8.3899820E-01   6.5355281E-02
   5.1881473E-01   9.6987352E+14   1.8285543E+35   0.0000000E+00   0.0000000E+00   8.3540664E-01   6.7199508E-02
   5.2720126E-01   9.8889476E+14   1.9156407E+35   0.0000000E+00   0.0000000E+00   8.3174347E-01   6.9079742E-02
   5.3572335E-01   1.0083821E+15   2.0065904E+35   0.0000000E+00   0.0000000E+00   8.2801013E-01   7.0995330E-02
   5.4438320E-01   1.0283501E+15   2.1015676E+35   0.0000000E+00   0.0000000E+00   8.2420826E-01   7.2945523E-02
   5.5318304E-01   1.0488139E+15   2.2007438E+35   0.0000000E+00   0.0000000E+00   8.2033968E-01   7.4929472E-02
   5.6212512E-01   1.0697895E+15   2.3042977E+35   0.0000000E+00   0.0000000E+00   8.1640641E-01   7.6946237E-02
   5.7121175E-01   1.0912929E+15   2.4124160E+35   0.0000000E+00   0.0000000E+00   8.1241065E-01   7.8994781E-02
   5.8044527E-01   1.1133414E+15   2.5252934E+35   0.0000000E+00   0.0000000E+00   8.0835477E-01   8.1073974E-02
   5.8982804E-01   1.1359524E+15   2.6431333E+35   0.0000000E+00   0.0000000E+00   8.0424133E-01   8.3182596E-02
   5.9936248E-01   1.1591442E+15   2.7661478E+35   0.0000000E+00   0.0000000E+00   8.0007305E-01   8.5319338E-02
   6.0905104E-01   1.1829358E+15   2.8945584E+35   0.0000000E+00   0.0000000E+00   7.9585282E-01   8.7482808E-02
   6.1889622E-01   1.2073468E+15   3.0285964E+35   0.0000000E+00   0.0000000E+00   7.9158368E-01   8.9671531E-02
   6.2890055E-01   1.2323978E+15   3.1685033E+35   0.0000000E+00   0.0000000E+00   7.8726882E-01   9.1883957E-02
   6.3906659E-01   1.2581100E+15   3.3145313E+35   0.0000000E+00   0.0000000E+00   7.8291158E-01   9.4118463E-02
   6.4939696E-01   1.2845053E+15   3.4669438E+35   0.0000000E+00   0.0000000E+00   7.7851540E-01   9.6373358E-02
   6.5989432E-01   1.3116068E+15   3.6260158E+35   0.0000000E+00   0.0000000E+00   7.7408385E-01   9.8646892E-02
   6.7056137E-01   1.3394383E+15   3.7920346E+35   0.0000000E+00   0.0000000E+00   7.6962062E-01   1.0093726E-01
   6.8140085E-01   1.3680243E+15   3.9653002E+35   0.0000000E+00   0.0000000E+00   7.6512946E-01   1.0324260E-01
   6.9241554E-01   1.3973907E+15   4.1461262E+35   0.0000000E+00   0.0000000E+00   7.6061423E-01   1.0556102E-01
   7.0360829E-01   1.4275642E+15   4.3348401E+35   0.0000000E+00   0.0000000E+00   7.5607882E-01   1.0789058E-01
   7.1498196E-01   1.4585724E+15   4.5317841E+35   0.0000000E+00   0.0000000E+00   7.5152721E-01   1.1022932E-01
   7.2653949E-01   1.4904442E+15   4.7373156E+35   0.0000000E+00   0.0000000E+00   7.4696338E-01   1.1257525E-01
   7.3828385E-01   1.5232097E+15   4.9518083E+35   0.0000000E+00   0.0000000E+00   7.4239136E-01   1.1492638E-01
   7.5021804E-01   1.5568998E+15   5.1756524E+35   0.0000000E+00   0.0000000E+00   7.3781516E-01   1.1728070E-01
   7.6234516E-01   1.5915471E+15   5.4092560E+35   0.0000000E+00   0.0000000E+00   7.3323882E-01   1.1963620E-01
   7.7466830E-01   1.6271853E+15   5.6530453E+35   0.0000000E+00   0.0000000E+00   7.2866631E-01   1.2199088E-01
   7.8719064E-01   1.6638493E+15   5.9074659E+35   0.0000000E+00   0.0000000E+00   7.2410162E-01   1.2434275E-01
   7.9991541E-01   1.7015756E+15   6.1729835E+35   0.0000000E+00   0.0000000E+00   7.1954865E-01   1.2668986E-01
   8.1284587E-01   1.7404020E+15   6.4500847E+35   0.0000000E+00   0.0000000E+00   7.1501126E-01   1.2903026E-01
   8.2598535E-01   1.7803680E+15   6.7392784E+35   0.0000000E+00   0.0000000E+00   7.1049322E-01   1.3136205E-01
   8.3933722E-01   1.8215146E+15   7.0410963E+35   0.0000000E+00   0.0000000E+00   7.0599824E-01   1.3368338E-01
   8.5290492E-01   1.8638843E+15   7.3560942E+35   0.0000000E+00   0.0000000E+00   7.0152990E-01   1.3599241E-01
   8.6669195E-01   1.9075217E+15   7.6848533E+35   0.0000000E+00   0.0000000E+00   6.9709169E-01   1.3828740E-01
   8.8070183E-01   1.9524727E+15   8.0279809E+35   0.0000000E+00   0.0000000E+00   6.9268699E-01   1.4056662E-01
   8.9493819E-01   1.9987855E+15   8.3861120E+35   0.0000000E+00   0.0000000E+00   6.8831905E-01   1.4282844E-01
   9.0940467E-01   2.0465101E+15   8.7599106E+35   0.0000000E+00   0.0000000E+00   6.8399097E-01   1.4507127E-01
   9.2410500E-01   2.0956984E+15   9.1500707E+35   0.0000000E+00   0.0000000E+00   6.7970572E-01   1.4729359E-01
   9.3904295E-01   2.1464045E+15   9.5573178E+35   0.0000000E+00   0.0000000E+00   6.7546613E-01   1.4949396E-01
   9.5422238E-01   2.1986850E+15   9.9824106E+35   0.0000000E+00   0.0000000E+00   6.7127487E-01   1.5167102E-01
   9.6964717E-01   2.2525983E+15   1.0426142E+36   0.0000000E+00   0.0000000E+00   6.6713446E-01   1.5382348E-01
   9.8532131E-01   2.3082057E+15   1.0889342E+36   0.0000000E+00   0.0000000E+00   6.6304724E-01   1.5595012E-01
   1.0012488E+00   2.3655705E+15   1.1372877E+36   0.0000000E+00   0.0000000E+00   6.5901541E-01   1.5804980E-01
   1.0174338E+00   2.4247591E+15   1.1877653E+36   0.0000000E+00   0.0000000E+00   6.5504101E-01   1.6012149E-01
   1.0338804E+00   2.4858404E+15   1.2404619E+36   0.0000000E+00   0.0000000E+00   6.5112588E-01   1.6216421E-01
   1.0505928E+00   2.5488860E+15   1.2954766E+36   0.0000000E+00   0.0000000E+00   6.4727175E-01   1.6417708E-01
   1.0675754E+00   2.6139708E+15   1.3529129E+36   0.0000000E+00   0.0000000E+00   6.4348013E-01   1.6615928E-01
   1.0848326E+00   2.6811725E+15   1.4128793E+36   0.0000000E+00   0.0000000E+00   6.3975241E-01   1.6811008E-01
   1.1023686E+00   2.7505722E+15   1.4754891E+36   0.0000000E+00   0.0000000E+00   6.3608980E-01   1.7002886E-01
   1.1201882E+00   2.8222544E+15   1.5408608E+36   0.0000000E+00   0.0000000E+00   6.3249336E-01   1.7191502E-01
   1.1382958E+00   2.8963068E+15   1.6091183E+36   0.0000000E+00   0.0000000E+00   6.2896399E-01   1.7376809E-01
   1.1566961E+00   2.9728212E+15   1.6803911E+36   0.0000000E+00   0.0000000E+00   6.2550246E-01   1.7558764E-01
   1.1753938E+00   3.0518928E+15   1.7548147E+36   0.0000000E+00   0.0000000E+00   6.2210938E-01   1.7737333E-01
   1.1943938E+00   3.1336212E+15   1.8325309E+36   0.0000000E+00   0.0000000E+00   6.1878522E-01   1.7912489E-01
   1.2137009E+00   3.2181097E+15   1.9136879E+36   0.0000000E+00   0.0000000E+00   6.1553031E-01   1.8084210E-01
   1.2333202E+00   3.3054663E+15   1.9984407E+36   0.0000000E+00   0.0000000E+00   6.1234486E-01   1.8252483E-01
   1.2532565E+00   3.3958034E+15   2.0869512E+36   0.0000000E+00   0.0000000E+00   6.0922897E-01   1.8417299E-01
   1.2735151E+00   3.4892381E+15   2.1793892E+36   0.0000000E+00   0.0000000E+00   6.0618259E-01   1.8578657E-01
   1.2941012E+00   3.5858923E+15   2.2759319E+36   0.0000000E+00   0.0000000E+00   6.0320559E-01   1.8736560E-01
   1.3150201E+00   3.6858933E+15   2.3767648E+36   0.0000000E+00   0.0000000E+00   6.0029771E-01   1.8891017E-01
   1.3362771E+00   3.7893734E+15   2.4820820E+36   0.0000000E+00   0.0000000E+00   5.9745861E-01   1.9042041E-01
   1.3578777E+00   3.8964709E+15   2.5920863E+36   0.0000000E+00   0.0000000E+00   5.9468785E-01   1.9189653E-01
   1.3798275E+00   4.0073295E+15   2.7069902E+36   0.0000000E+00   0.0000000E+00   5.9198490E-01   1.9333874E-01
   1.4021321E+00   4.1220993E+15   2.8270156E+36   0.0000000E+00   0.0000000E+00   5.8934914E-01   1.9474732E-01
   1.4247973E+00   4.2409366E+15   2.9523951E+36   0.0000000E+00   0.0000000E+00   5.8677990E-01   1.9612258E-01
   1.4478288E+00   4.3640043E+15   3.0833718E+36   0.0000000E+00   0.0000000E+00   5.8427643E-01   1.9746486E-01
   1.4712327E+00   4.4914722E+15   3.2202000E+36   0.0000000E+00   0.0000000E+00   5.8183790E-01   1.9877455E-01
   1.4950148E+00   4.6235173E+15   3.3631461E+36   0.0000000E+00   0.0000000E+00   5.7946346E-01   2.0005205E-01
   1.5191814E+00   4.7603242E+15   3.5124885E+36   0.0000000E+00   0.0000000E+00   5.7715217E-01   2.0129780E-01
   1.5437387E+00   4.9020852E+15   3.6685190E+36   0.0000000E+00   0.0000000E+00   5.7490306E-01   2.0251225E-01
   1.5686929E+00   5.0490008E+15   3.8315426E+36   0.0000000E+00   0.0000000E+00   5.7271513E-01   2.0369588E-01
   1.5940504E+00   5.2012801E+15   4.0018787E+36   0.0000000E+00   0.0000000E+00   5.7058732E-01   2.0484920E-01
   1.6198179E+00   5.3591411E+15   4.1798619E+36   0.0000000E+00   0.0000000E+00   5.6851855E-01   2.0597272E-01
   1.6460019E+00   5.5228109E+15   4.3658420E+36   0.0000000E+00   0.0000000E+00   5.6650773E-01   2.0706697E-01
   1.6726092E+00   5.6925264E+15   4.5601857E+36   0.0000000E+00   0.0000000E+00   5.6455371E-01   2.0813249E-01
   1.6996466E+00   5.8685347E+15   4.7632768E+36   0.0000000E+00   0.0000000E+00   5.6265535E-01   2.0916985E-01
   1.7271210E+00   6.0510934E+15   4.9755170E+36   0.0000000E+00   0.0000000E+00   5.6081149E-01   2.1017960E-01
   1.7550395E+00   6.2404709E+15   5.1973274E+36   0.0000000E+00   0.0000000E+00   5.5902094E-01   2.1116231E-01
   1.7834093E+00   6.4369473E+15   5.4291488E+36   0.0000000E+00   0.0000000E+00   5.5728253E-01   2.1211855E-01
   1.8122378E+00   6.6408147E+15   5.6714429E+36   0.0000000E+00   0.0000000E+00   5.5559506E-01   2.1304891E-01
   1.8415322E+00   6.8523775E+15   5.9246937E+36   0.0000000E+00   0.0000000E+00   5.5395733E-01   2.1395396E-01
   1.8713002E+00   7.0719532E+15   6.1894081E+36   0.0000000E+00   0.0000000E+00   5.5236817E-01   2.1483429E-01
   1.9015493E+00   7.2998730E+15   6.4661172E+36   0.0000000E+00   0.0000000E+00   5.5082638E-01   2.1569047E-01
   1.9322874E+00   7.5364822E+15   6.7553778E+36   0.0000000E+00   0.0000000E+00   5.4933077E-01   2.1652309E-01
   1.9635225E+00   7.7821411E+15   7.0577734E+36   0.0000000E+00   0.0000000E+00   5.4788016E-01   2.1733272E-01
