    2.5000000000E-01    9.85372E+14    7.66170E-02    1.00000E+00    7.66170E-02    0.00000E+00    9.23379E-01    6.31844E-01    1.00058E+00    3.11535E-04    1.36138E+35    0.00000E+00
    4.9456250668E-01    9.84141E+14    7.65974E-02    1.00000E+00    7.65974E-02    0.00000E+00    9.23398E-01    6.32112E-01    1.00115E+00    6.16294E-04    1.35706E+35    0.00000E+00
    7.3380578536E-01    9.82937E+14    7.65783E-02    1.00000E+00    7.65783E-02    0.00000E+00    9.23417E-01    6.32375E-01    1.00170E+00    9.14424E-04    1.35283E+35    0.00000E+00
    9.6784552912E-01    9.80384E+14    7.65376E-02    1.00000E+00    7.65376E-02    0.00000E+00    9.23462E-01    6.32933E-01    1.00295E+00    2.02156E-03    1.34384E+35    0.00000E+00
    1.1967949147E+00    9.77226E+14    7.64876E-02    1.00000E+00    7.64876E-02    0.00000E+00    9.23515E-01    6.33624E-01    1.00445E+00    3.65312E-03    1.33277E+35    0.00000E+00
    1.4207646573E+00    9.73442E+14    7.64275E-02    1.00000E+00    7.64275E-02    0.00000E+00    9.23574E-01    6.34452E-01    1.00621E+00    6.00576E-03    1.31964E+35    0.00000E+00
    1.6398630639E+00    9.69087E+14    7.63579E-02    1.00000E+00    7.63579E-02    0.00000E+00    9.23642E-01    6.35401E-01    1.00830E+00    9.15517E-03    1.30466E+35    0.00000E+00
    1.8541960861E+00    9.64240E+14    7.62800E-02    1.00000E+00    7.62800E-02    0.00000E+00    9.23717E-01    6.36456E-01    1.01062E+00    1.31268E-02    1.28804E+35    0.00000E+00
    2.0638673707E+00    9.58893E+14    7.61941E-02    1.00000E+00    7.61941E-02    0.00000E+00    9.23803E-01    6.37619E-01    1.01314E+00    1.80145E-02    1.26985E+35    0.00000E+00
    2.2689783105E+00    9.53102E+14    7.60994E-02    1.00000E+00    7.60994E-02    0.00000E+00    9.23903E-01    6.38880E-01    1.01589E+00    2.38468E-02    1.25037E+35    0.00000E+00
    2.4696280928E+00    9.46929E+14    7.59996E-02    1.00000E+00    7.59996E-02    0.00000E+00    9.24002E-01    6.40228E-01    1.01882E+00    3.06180E-02    1.22969E+35    0.00000E+00
    2.6659137478E+00    9.40518E+14    7.58984E-02    1.00000E+00    7.58984E-02    0.00000E+00    9.24097E-01    6.41664E-01    1.02191E+00    3.83197E-02    1.20808E+35    0.00000E+00
    2.8579301949E+00    9.33772E+14    7.57923E-02    1.00000E+00    7.57923E-02    0.00000E+00    9.24209E-01    6.43162E-01    1.02516E+00    4.69904E-02    1.18548E+35    0.00000E+00
    3.0457702895E+00    9.26710E+14    7.56803E-02    1.00000E+00    7.56803E-02    0.00000E+00    9.24317E-01    6.44743E-01    1.02860E+00    5.66269E-02    1.16210E+35    0.00000E+00
    3.2295248670E+00    9.19359E+14    7.55630E-02    1.00000E+00    7.55630E-02    0.00000E+00    9.24440E-01    6.46380E-01    1.03220E+00    6.71830E-02    1.13810E+35    0.00000E+00
    3.4092827874E+00    9.11741E+14    7.54393E-02    1.00000E+00    7.54393E-02    0.00000E+00    9.24559E-01    6.48071E-01    1.03596E+00    7.86692E-02    1.11358E+35    0.00000E+00
    3.5851309778E+00    9.03885E+14    7.53116E-02    1.00000E+00    7.53116E-02    0.00000E+00    9.24690E-01    6.49826E-01    1.03977E+00    9.10306E-02    1.08858E+35    0.00000E+00
    3.7571544748E+00    8.95813E+14    7.51793E-02    1.00000E+00    7.51793E-02    0.00000E+00    9.24823E-01    6.51620E-01    1.04364E+00    1.04225E-01    1.06329E+35    0.00000E+00
    3.9254364653E+00    8.87541E+14    7.50425E-02    1.00000E+00    7.50425E-02    0.00000E+00    9.24957E-01    6.53456E-01    1.04768E+00    1.18212E-01    1.03781E+35    0.00000E+00
    4.0900583270E+00    8.79012E+14    7.49051E-02    1.00000E+00    7.49051E-02    0.00000E+00    9.25095E-01    6.55329E-01    1.05175E+00    1.32999E-01    1.01207E+35    0.00000E+00
    4.2510996676E+00    8.70299E+14    7.47654E-02    1.00000E+00    7.47654E-02    0.00000E+00    9.25237E-01    6.57234E-01    1.05592E+00    1.48481E-01    9.86261E+34    0.00000E+00
    4.4086383634E+00    8.61434E+14    7.46224E-02    1.00000E+00    7.46224E-02    0.00000E+00    9.25378E-01    6.59180E-01    1.06021E+00    1.64664E-01    9.60446E+34    0.00000E+00
    4.5627505967E+00    8.52446E+14    7.44753E-02    1.00000E+00    7.44753E-02    0.00000E+00    9.25526E-01    6.61141E-01    1.06450E+00    1.81475E-01    9.34690E+34    0.00000E+00
    4.7135108930E+00    8.43342E+14    7.43248E-02    1.00000E+00    7.43248E-02    0.00000E+00    9.25671E-01    6.63123E-01    1.06880E+00    1.98866E-01    9.09045E+34    0.00000E+00
    4.8609921570E+00    8.34145E+14    7.41716E-02    1.00000E+00    7.41716E-02    0.00000E+00    9.25829E-01    6.65122E-01    1.07318E+00    2.16782E-01    8.83576E+34    0.00000E+00
    5.0052657074E+00    8.24854E+14    7.40149E-02    1.00000E+00    7.40149E-02    0.00000E+00    9.25983E-01    6.67147E-01    1.07758E+00    2.35214E-01    8.58310E+34    0.00000E+00
    5.1464013119E+00    8.15864E+14    7.40000E-02    1.00000E+00    7.40000E-02    0.00000E+00    9.26000E-01    6.69173E-01    1.08196E+00    2.54077E-01    8.33299E+34    0.00000E+00
    5.2844672208E+00    8.06840E+14    7.40000E-02    1.00000E+00    7.40000E-02    0.00000E+00    9.26000E-01    6.71217E-01    1.08642E+00    2.73354E-01    8.08584E+34    0.00000E+00
    5.4195301998E+00    7.97760E+14    7.40000E-02    1.00000E+00    7.40000E-02    0.00000E+00    9.26000E-01    6.73265E-01    1.09085E+00    2.92982E-01    7.84180E+34    0.00000E+00
    5.5516555627E+00    7.88634E+14    7.40000E-02    1.00000E+00    7.40000E-02    0.00000E+00    9.26000E-01    6.75315E-01    1.09528E+00    3.12924E-01    7.60132E+34    0.00000E+00
    5.6809072025E+00    7.79483E+14    7.40000E-02    1.00000E+00    7.40000E-02    0.00000E+00    9.26000E-01    6.77367E-01    1.09975E+00    3.33143E-01    7.36464E+34    0.00000E+00
    5.8073476225E+00    7.70295E+14    7.40000E-02    1.00000E+00    7.40000E-02    0.00000E+00    9.26000E-01    6.79416E-01    1.10419E+00    3.53590E-01    7.13197E+34    0.00000E+00
    5.9310379668E+00    7.61103E+14    7.39353E-02    1.00000E+00    7.39353E-02    0.00000E+00    9.26067E-01    6.81459E-01    1.10859E+00    3.74224E-01    6.90355E+34    0.00000E+00
    6.0520380494E+00    7.51920E+14    7.37810E-02    1.00000E+00    7.37810E-02    0.00000E+00    9.26220E-01    6.83504E-01    1.11298E+00    3.95008E-01    6.67954E+34    0.00000E+00
    6.1704063834E+00    7.42736E+14    7.36257E-02    1.00000E+00    7.36257E-02    0.00000E+00    9.26375E-01    6.85538E-01    1.11737E+00    4.15899E-01    6.46006E+34    0.00000E+00
    6.2862002093E+00    7.33550E+14    7.34676E-02    1.00000E+00    7.34676E-02    0.00000E+00    9.26532E-01    6.87563E-01    1.12171E+00    4.36868E-01    6.24527E+34    0.00000E+00
    6.3994755227E+00    7.24371E+14    7.33081E-02    1.00000E+00    7.33081E-02    0.00000E+00    9.26691E-01    6.89579E-01    1.12600E+00    4.57884E-01    6.03529E+34    0.00000E+00
    6.5102871009E+00    7.15208E+14    7.31467E-02    1.00000E+00    7.31467E-02    0.00000E+00    9.26851E-01    6.91586E-01    1.13023E+00    4.78895E-01    5.83012E+34    0.00000E+00
    6.6186885303E+00    7.06098E+14    7.29850E-02    1.00000E+00    7.29850E-02    0.00000E+00    9.27014E-01    6.93572E-01    1.13447E+00    4.99898E-01    5.62989E+34    0.00000E+00
    6.7247322315E+00    6.97208E+14    7.28337E-02    1.00000E+00    7.28337E-02    0.00000E+00    9.27168E-01    6.95548E-01    1.13865E+00    5.20839E-01    5.43464E+34    0.00000E+00
    6.8284694851E+00    6.88345E+14    7.26818E-02    1.00000E+00    7.26818E-02    0.00000E+00    9.27319E-01    6.97505E-01    1.14278E+00    5.41719E-01    5.24421E+34    0.00000E+00
    6.9299504561E+00    6.79505E+14    7.25285E-02    1.00000E+00    7.25285E-02    0.00000E+00    9.27471E-01    6.99449E-01    1.14684E+00    5.62490E-01    5.05874E+34    0.00000E+00
    7.0292242187E+00    6.70703E+14    7.23733E-02    1.00000E+00    7.23733E-02    0.00000E+00    9.27625E-01    7.01369E-01    1.15088E+00    5.83136E-01    4.87829E+34    0.00000E+00
    7.1263387797E+00    6.61942E+14    7.22167E-02    1.00000E+00    7.22167E-02    0.00000E+00    9.27782E-01    7.03275E-01    1.15484E+00    6.03637E-01    4.70271E+34    0.00000E+00
    7.2213411015E+00    6.53215E+14    7.20588E-02    1.00000E+00    7.20588E-02    0.00000E+00    9.27944E-01    7.05162E-01    1.15869E+00    6.23974E-01    4.53203E+34    0.00000E+00
    7.3142771254E+00    6.44482E+14    7.19072E-02    1.00000E+00    7.19072E-02    0.00000E+00    9.28093E-01    7.07024E-01    1.16253E+00    6.44119E-01    4.36615E+34    0.00000E+00
    7.4051917932E+00    6.35764E+14    7.17589E-02    1.00000E+00    7.17589E-02    0.00000E+00    9.28241E-01    7.08866E-01    1.16628E+00    6.64056E-01    4.20511E+34    0.00000E+00
    7.4941290694E+00    6.27109E+14    7.16095E-02    1.00000E+00    7.16095E-02    0.00000E+00    9.28391E-01    7.10687E-01    1.17001E+00    6.83761E-01    4.04894E+34    0.00000E+00
    7.5811319623E+00    6.18494E+14    7.14588E-02    1.00000E+00    7.14588E-02    0.00000E+00    9.28541E-01    7.12476E-01    1.17358E+00    7.03235E-01    3.89736E+34    0.00000E+00
    7.6662425446E+00    6.09942E+14    7.13072E-02    1.00000E+00    7.13072E-02    0.00000E+00    9.28693E-01    7.14252E-01    1.17711E+00    7.22454E-01    3.75052E+34    0.00000E+00
    7.7495019739E+00    6.01452E+14    7.11545E-02    1.00000E+00    7.11545E-02    0.00000E+00    9.28846E-01    7.15999E-01    1.18055E+00    7.41402E-01    3.60823E+34    0.00000E+00
    7.8309505129E+00    5.93044E+14    7.09950E-02    1.00000E+00    7.09950E-02    0.00000E+00    9.29004E-01    7.17724E-01    1.18399E+00    7.60071E-01    3.47040E+34    0.00000E+00
    7.9106275484E+00    5.85024E+14    7.07217E-02    1.00000E+00    7.07217E-02    0.00000E+00    9.29277E-01    7.19423E-01    1.18729E+00    7.78462E-01    3.33701E+34    0.00000E+00
    7.9885716104E+00    5.77076E+14    7.04412E-02    1.00000E+00    7.04412E-02    0.00000E+00    9.29560E-01    7.21099E-01    1.19050E+00    7.96566E-01    3.20780E+34    0.00000E+00
    8.0648203912E+00    5.69189E+14    7.01577E-02    1.00000E+00    7.01577E-02    0.00000E+00    9.29844E-01    7.22747E-01    1.19374E+00    8.14373E-01    3.08279E+34    0.00000E+00
    8.1394107631E+00    5.61355E+14    6.98733E-02    1.00000E+00    6.98733E-02    0.00000E+00    9.30130E-01    7.24368E-01    1.19680E+00    8.31872E-01    2.96189E+34    0.00000E+00
    8.2123787963E+00    5.53569E+14    6.95860E-02    1.00000E+00    6.95860E-02    0.00000E+00    9.30409E-01    7.25969E-01    1.19979E+00    8.49074E-01    2.84493E+34    0.00000E+00
    8.2837597768E+00    5.45850E+14    6.92979E-02    1.00000E+00    6.92979E-02    0.00000E+00    9.30699E-01    7.27541E-01    1.20278E+00    8.65958E-01    2.73190E+34    0.00000E+00
    8.3535882229E+00    5.38193E+14    6.90069E-02    1.00000E+00    6.90069E-02    0.00000E+00    9.30991E-01    7.29083E-01    1.20561E+00    8.82517E-01    2.62268E+34    0.00000E+00
    8.4218979021E+00    5.30591E+14    6.87377E-02    1.00000E+00    6.87377E-02    0.00000E+00    9.31265E-01    7.30604E-01    1.20836E+00    8.98762E-01    2.51710E+34    0.00000E+00
    8.4887218476E+00    5.23064E+14    6.84674E-02    1.00000E+00    6.84674E-02    0.00000E+00    9.31531E-01    7.32103E-01    1.21111E+00    9.14684E-01    2.41518E+34    0.00000E+00
    8.5540923741E+00    5.15585E+14    6.81955E-02    1.00000E+00    6.81955E-02    0.00000E+00    9.31807E-01    7.33570E-01    1.21368E+00    9.30275E-01    2.31683E+34    0.00000E+00
    8.6180410934E+00    5.08174E+14    6.79216E-02    1.00000E+00    6.79216E-02    0.00000E+00    9.32077E-01    7.35013E-01    1.21625E+00    9.45531E-01    2.22189E+34    0.00000E+00
    8.6805989297E+00    5.00825E+14    6.76461E-02    1.00000E+00    6.76461E-02    0.00000E+00    9.32354E-01    7.36426E-01    1.21874E+00    9.60469E-01    2.13028E+34    0.00000E+00
    8.7417961348E+00    4.93532E+14    6.73686E-02    1.00000E+00    6.73686E-02    0.00000E+00    9.32631E-01    7.37822E-01    1.22115E+00    9.75070E-01    2.04194E+34    0.00000E+00
    8.8016623023E+00    4.86308E+14    6.70899E-02    1.00000E+00    6.70899E-02    0.00000E+00    9.32907E-01    7.39183E-01    1.22347E+00    9.89345E-01    1.95669E+34    0.00000E+00
    8.8602263822E+00    4.79152E+14    6.68297E-02    1.00000E+00    6.68297E-02    0.00000E+00    9.33171E-01    7.40527E-01    1.22571E+00    1.00327E+00    1.87457E+34    0.00000E+00
    8.9175166950E+00    4.72074E+14    6.65783E-02    1.00000E+00    6.65783E-02    0.00000E+00    9.33424E-01    7.41838E-01    1.22794E+00    1.01690E+00    1.79538E+34    0.00000E+00
    8.9735609450E+00    4.65043E+14    6.63244E-02    1.00000E+00    6.63244E-02    0.00000E+00    9.33674E-01    7.43131E-01    1.22998E+00    1.03021E+00    1.71910E+34    0.00000E+00
    9.0283862341E+00    4.58081E+14    6.60700E-02    1.00000E+00    6.60700E-02    0.00000E+00    9.33933E-01    7.44396E-01    1.23204E+00    1.04314E+00    1.64559E+34    0.00000E+00
    9.0820190746E+00    4.51183E+14    6.58130E-02    1.00000E+00    6.58130E-02    0.00000E+00    9.34183E-01    7.45632E-01    1.23401E+00    1.05582E+00    1.57479E+34    0.00000E+00
    9.1344854022E+00    4.44348E+14    6.55547E-02    1.00000E+00    6.55547E-02    0.00000E+00    9.34445E-01    7.46849E-01    1.23594E+00    1.06815E+00    1.50666E+34    0.00000E+00
    9.1858105886E+00    4.37567E+14    6.52950E-02    1.00000E+00    6.52950E-02    0.00000E+00    9.34709E-01    7.48035E-01    1.23769E+00    1.08015E+00    1.44105E+34    0.00000E+00
    9.2360194536E+00    4.30850E+14    6.50330E-02    1.00000E+00    6.50330E-02    0.00000E+00    9.34964E-01    7.49206E-01    1.23946E+00    1.09186E+00    1.37791E+34    0.00000E+00
    9.2851362771E+00    4.24317E+14    6.46970E-02    1.00000E+00    6.46970E-02    0.00000E+00    9.35300E-01    7.50353E-01    1.24124E+00    1.10325E+00    1.31710E+34    0.00000E+00
    9.3331848111E+00    4.17861E+14    6.43473E-02    1.00000E+00    6.43473E-02    0.00000E+00    9.35654E-01    7.51472E-01    1.24284E+00    1.11432E+00    1.25862E+34    0.00000E+00
    9.3801882906E+00    4.11453E+14    6.39942E-02    1.00000E+00    6.39942E-02    0.00000E+00    9.36009E-01    7.52566E-01    1.24436E+00    1.12516E+00    1.20235E+34    0.00000E+00
    9.4261694458E+00    4.05109E+14    6.36395E-02    1.00000E+00    6.36395E-02    0.00000E+00    9.36362E-01    7.53643E-01    1.24592E+00    1.13563E+00    1.14822E+34    0.00000E+00
    9.4711505121E+00    3.98803E+14    6.32823E-02    1.00000E+00    6.32823E-02    0.00000E+00    9.36719E-01    7.54696E-01    1.24739E+00    1.14586E+00    1.09619E+34    0.00000E+00
    9.5151532413E+00    3.92559E+14    6.29224E-02    1.00000E+00    6.29224E-02    0.00000E+00    9.37078E-01    7.55731E-01    1.24878E+00    1.15575E+00    1.04607E+34    0.00000E+00
    9.5581989124E+00    3.86365E+14    6.25598E-02    1.00000E+00    6.25598E-02    0.00000E+00    9.37440E-01    7.56734E-01    1.25007E+00    1.16539E+00    9.98009E+33    0.00000E+00
    9.6003083413E+00    3.80222E+14    6.21945E-02    1.00000E+00    6.21945E-02    0.00000E+00    9.37804E-01    7.57725E-01    1.25138E+00    1.17476E+00    9.51717E+33    0.00000E+00
    9.6415018912E+00    3.74083E+14    6.17950E-02    1.00000E+00    6.17950E-02    0.00000E+00    9.38209E-01    7.58690E-01    1.25253E+00    1.18384E+00    9.07263E+33    0.00000E+00
    9.6817994825E+00    3.67945E+14    6.13583E-02    1.00000E+00    6.13583E-02    0.00000E+00    9.38641E-01    7.59638E-01    1.25372E+00    1.19264E+00    8.64561E+33    0.00000E+00
    9.7212206023E+00    3.61850E+14    6.09170E-02    1.00000E+00    6.09170E-02    0.00000E+00    9.39081E-01    7.60559E-01    1.25484E+00    1.20125E+00    8.23556E+33    0.00000E+00
    9.7597843138E+00    3.55819E+14    6.04732E-02    1.00000E+00    6.04732E-02    0.00000E+00    9.39524E-01    7.61467E-01    1.25591E+00    1.20957E+00    7.84187E+33    0.00000E+00
    9.7975092656E+00    3.49832E+14    6.00247E-02    1.00000E+00    6.00247E-02    0.00000E+00    9.39972E-01    7.62355E-01    1.25688E+00    1.21757E+00    7.46393E+33    0.00000E+00
    9.8344137007E+00    3.43897E+14    5.95732E-02    1.00000E+00    5.95732E-02    0.00000E+00    9.40425E-01    7.63220E-01    1.25787E+00    1.22543E+00    7.10116E+33    0.00000E+00
    9.8705154653E+00    3.38012E+14    5.91178E-02    1.00000E+00    5.91178E-02    0.00000E+00    9.40882E-01    7.64065E-01    1.25876E+00    1.23299E+00    6.75305E+33    0.00000E+00
    9.9058320175E+00    3.32171E+14    5.86573E-02    1.00000E+00    5.86573E-02    0.00000E+00    9.41342E-01    7.64896E-01    1.25966E+00    1.24030E+00    6.41910E+33    0.00000E+00
    9.9403804357E+00    3.26386E+14    5.81935E-02    1.00000E+00    5.81935E-02    0.00000E+00    9.41807E-01    7.65707E-01    1.26047E+00    1.24739E+00    6.09880E+33    0.00000E+00
    9.9741774266E+00    3.20641E+14    5.77016E-02    1.00000E+00    5.77016E-02    0.00000E+00    9.42295E-01    7.66493E-01    1.26120E+00    1.25424E+00    5.79163E+33    0.00000E+00
    1.0007239334E+01    3.14934E+14    5.71886E-02    1.00000E+00    5.71886E-02    0.00000E+00    9.42811E-01    7.67275E-01    1.26201E+00    1.26084E+00    5.49717E+33    0.00000E+00
    1.0039582146E+01    3.09276E+14    5.66704E-02    1.00000E+00    5.66704E-02    0.00000E+00    9.43331E-01    7.68026E-01    1.26263E+00    1.26727E+00    5.21482E+33    0.00000E+00
    1.0071221502E+01    3.03659E+14    5.61469E-02    1.00000E+00    5.61469E-02    0.00000E+00    9.43857E-01    7.68769E-01    1.26331E+00    1.27348E+00    4.94430E+33    0.00000E+00
    1.0102172703E+01    2.98083E+14    5.56177E-02    1.00000E+00    5.56177E-02    0.00000E+00    9.44378E-01    7.69493E-01    1.26389E+00    1.27947E+00    4.68515E+33    0.00000E+00
    1.0132450717E+01    2.92552E+14    5.50824E-02    1.00000E+00    5.50824E-02    0.00000E+00    9.44916E-01    7.70201E-01    1.26453E+00    1.28526E+00    4.43684E+33    0.00000E+00
    1.0162070184E+01    2.87068E+14    5.45408E-02    1.00000E+00    5.45408E-02    0.00000E+00    9.45459E-01    7.70890E-01    1.26507E+00    1.29079E+00    4.19910E+33    0.00000E+00
    1.0191045429E+01    2.81610E+14    5.39926E-02    1.00000E+00    5.39926E-02    0.00000E+00    9.46009E-01    7.71563E-01    1.26552E+00    1.29619E+00    3.97143E+33    0.00000E+00
    1.0219390463E+01    2.76197E+14    5.34376E-02    1.00000E+00    5.34376E-02    0.00000E+00    9.46566E-01    7.72224E-01    1.26600E+00    1.30139E+00    3.75353E+33    0.00000E+00
    1.0247118993E+01    2.70787E+14    5.28490E-02    1.00000E+00    5.28490E-02    0.00000E+00    9.47149E-01    7.72869E-01    1.26644E+00    1.30646E+00    3.54507E+33    0.00000E+00
    1.0274244429E+01    2.65278E+14    5.21567E-02    1.00000E+00    5.21567E-02    0.00000E+00    9.47844E-01    7.73502E-01    1.26681E+00    1.31129E+00    3.34562E+33    0.00000E+00
    1.0300779887E+01    2.59817E+14    5.14544E-02    1.00000E+00    5.14544E-02    0.00000E+00    9.48549E-01    7.74111E-01    1.26720E+00    1.31593E+00    3.15509E+33    0.00000E+00
    1.0326738200E+01    2.54387E+14    5.07432E-02    1.00000E+00    5.07432E-02    0.00000E+00    9.49253E-01    7.74717E-01    1.26758E+00    1.32044E+00    2.97300E+33    0.00000E+00
    1.0352131919E+01    2.49004E+14    5.00222E-02    1.00000E+00    5.00222E-02    0.00000E+00    9.49977E-01    7.75303E-01    1.26787E+00    1.32481E+00    2.79902E+33    0.00000E+00
    1.0376973327E+01    2.43655E+14    4.92895E-02    1.00000E+00    4.92895E-02    0.00000E+00    9.50712E-01    7.75879E-01    1.26818E+00    1.32893E+00    2.63292E+33    0.00000E+00
    1.0401274434E+01    2.38341E+14    4.85468E-02    1.00000E+00    4.85468E-02    0.00000E+00    9.51456E-01    7.76441E-01    1.26840E+00    1.33294E+00    2.47436E+33    0.00000E+00
    1.0425046993E+01    2.33067E+14    4.77911E-02    1.00000E+00    4.77911E-02    0.00000E+00    9.52205E-01    7.76990E-01    1.26861E+00    1.33677E+00    2.32303E+33    0.00000E+00
    1.0448302499E+01    2.27817E+14    4.70240E-02    1.00000E+00    4.70240E-02    0.00000E+00    9.52975E-01    7.77521E-01    1.26885E+00    1.34047E+00    2.17875E+33    0.00000E+00
    1.0471052199E+01    2.22604E+14    4.62437E-02    1.00000E+00    4.62437E-02    0.00000E+00    9.53757E-01    7.78042E-01    1.26900E+00    1.34404E+00    2.04109E+33    0.00000E+00
    1.0493307093E+01    2.17275E+14    4.55751E-02    1.00000E+00    4.55751E-02    0.00000E+00    9.54425E-01    7.78556E-01    1.26920E+00    1.34743E+00    1.90996E+33    0.00000E+00
    1.0515077944E+01    2.11923E+14    4.49516E-02    1.00000E+00    4.49516E-02    0.00000E+00    9.55051E-01    7.79050E-01    1.26930E+00    1.35066E+00    1.78509E+33    0.00000E+00
    1.0536375279E+01    2.06602E+14    4.43166E-02    1.00000E+00    4.43166E-02    0.00000E+00    9.55683E-01    7.79544E-01    1.26940E+00    1.35377E+00    1.66627E+33    0.00000E+00
    1.0557209398E+01    2.01173E+14    4.36980E-02    1.00000E+00    4.36980E-02    0.00000E+00    9.56306E-01    7.80019E-01    1.26950E+00    1.35674E+00    1.55332E+33    0.00000E+00
    1.0577590376E+01    1.95653E+14    4.30950E-02    1.00000E+00    4.30950E-02    0.00000E+00    9.56902E-01    7.80483E-01    1.26960E+00    1.35966E+00    1.44619E+33    0.00000E+00
    1.0597528068E+01    1.90172E+14    4.24802E-02    1.00000E+00    4.24802E-02    0.00000E+00    9.57519E-01    7.80936E-01    1.26960E+00    1.36234E+00    1.34440E+33    0.00000E+00
    1.0617032115E+01    1.84746E+14    4.18591E-02    1.00000E+00    4.18591E-02    0.00000E+00    9.58140E-01    7.81377E-01    1.26970E+00    1.36498E+00    1.24803E+33    0.00000E+00
    1.0636111950E+01    1.79402E+14    4.12457E-02    1.00000E+00    4.12457E-02    0.00000E+00    9.58756E-01    7.81808E-01    1.26970E+00    1.36748E+00    1.15664E+33    0.00000E+00
    1.0654776799E+01    1.74091E+14    4.06192E-02    1.00000E+00    4.06192E-02    0.00000E+00    9.59381E-01    7.82232E-01    1.26970E+00    1.36979E+00    1.07012E+33    0.00000E+00
    1.0673035688E+01    1.68801E+14    3.99781E-02    1.00000E+00    3.99781E-02    0.00000E+00    9.60019E-01    7.82645E-01    1.26960E+00    1.37205E+00    9.88186E+32    0.00000E+00
    1.0690897447E+01    1.63287E+14    3.93507E-02    1.00000E+00    3.93507E-02    0.00000E+00    9.60648E-01    7.83047E-01    1.26960E+00    1.37421E+00    9.10782E+32    0.00000E+00
    1.0708370713E+01    1.57816E+14    3.87083E-02    1.00000E+00    3.87083E-02    0.00000E+00    9.61293E-01    7.83440E-01    1.26950E+00    1.37624E+00    8.37758E+32    0.00000E+00
    1.0725463936E+01    1.52400E+14    3.80492E-02    1.00000E+00    3.80492E-02    0.00000E+00    9.61950E-01    7.83823E-01    1.26950E+00    1.37815E+00    7.68933E+32    0.00000E+00
    1.0742185382E+01    1.47082E+14    3.73920E-02    1.00000E+00    3.73920E-02    0.00000E+00    9.62606E-01    7.84198E-01    1.26940E+00    1.37999E+00    7.04089E+32    0.00000E+00
    1.0758543137E+01    1.41426E+14    3.67211E-02    1.00000E+00    3.67211E-02    0.00000E+00    9.63281E-01    7.84566E-01    1.26930E+00    1.38168E+00    6.43108E+32    0.00000E+00
    1.0774545111E+01    1.35333E+14    3.60375E-02    1.00000E+00    3.60375E-02    0.00000E+00    9.63965E-01    7.84922E-01    1.26910E+00    1.38331E+00    5.86061E+32    0.00000E+00
    1.0790199042E+01    1.27484E+14    3.53289E-02    5.90499E+02    5.17846E+01    4.02787E-01    5.97213E-01    7.85274E-01    1.26900E+00    1.38485E+00    5.32870E+32    0.00000E+00
    1.0805512501E+01    1.21030E+14    3.46989E-02    4.32289E+02    4.35578E+01    3.44372E-01    6.55628E-01    7.85617E-01    1.26881E+00    1.38629E+00    4.84071E+32    0.00000E+00
    1.0820492893E+01    1.14310E+14    3.41459E-02    3.60459E+02    4.02695E+01    3.05633E-01    6.94367E-01    7.85947E-01    1.26870E+00    1.38756E+00    4.39017E+32    0.00000E+00
    1.0835147461E+01    1.06930E+14    3.37402E-02    3.23882E+02    3.90051E+01    2.80160E-01    7.19840E-01    7.86270E-01    1.26850E+00    1.38873E+00    3.97725E+32    0.00000E+00
    1.0849483293E+01    1.01033E+14    3.33143E-02    2.99639E+02    3.84353E+01    2.59712E-01    7.40288E-01    7.86586E-01    1.26830E+00    1.38992E+00    3.59794E+32    0.00000E+00
    1.0863507322E+01    9.44500E+13    3.30019E-02    2.82936E+02    3.82884E+01    2.43872E-01    7.56128E-01    7.86897E-01    1.26810E+00    1.39092E+00    3.25028E+32    0.00000E+00
    1.0877226327E+01    8.84520E+13    3.27323E-02    2.71143E+02    3.83920E+01    2.31168E-01    7.68832E-01    7.87202E-01    1.26786E+00    1.39184E+00    2.93290E+32    0.00000E+00
    1.0890646945E+01    8.25941E+13    3.24831E-02    2.62540E+02    3.86483E+01    2.20657E-01    7.79343E-01    7.87500E-01    1.26760E+00    1.39267E+00    2.64328E+32    0.00000E+00
    1.0903775665E+01    7.69502E+13    3.23949E-02    2.55687E+02    3.89787E+01    2.12495E-01    7.87505E-01    7.87790E-01    1.26740E+00    1.39350E+00    2.37961E+32    0.00000E+00
    1.0916618835E+01    7.15345E+13    3.24070E-02    2.50166E+02    3.93645E+01    2.05952E-01    7.94048E-01    7.88065E-01    1.26710E+00    1.39420E+00    2.14021E+32    0.00000E+00
    1.0929182667E+01    6.63781E+13    3.24564E-02    2.45264E+02    3.97756E+01    2.00131E-01    7.99869E-01    7.88341E-01    1.26680E+00    1.39480E+00    1.92321E+32    0.00000E+00
    1.0941473236E+01    6.13822E+13    3.25503E-02    2.41077E+02    4.02040E+01    1.95188E-01    8.04812E-01    7.88610E-01    1.26660E+00    1.39547E+00    1.72710E+32    0.00000E+00
    1.0953496485E+01    5.67534E+13    3.26253E-02    2.37602E+02    4.06064E+01    1.90899E-01    8.09101E-01    7.88870E-01    1.26630E+00    1.39600E+00    1.55009E+32    0.00000E+00
    1.0965258229E+01    5.24220E+13    3.27747E-02    2.34224E+02    4.10009E+01    1.87228E-01    8.12772E-01    7.89131E-01    1.26600E+00    1.39650E+00    1.39045E+32    0.00000E+00
    1.0976764156E+01    4.83496E+13    3.31038E-02    2.31032E+02    4.13779E+01    1.84838E-01    8.15162E-01    7.89377E-01    1.26572E+00    1.39690E+00    1.24672E+32    0.00000E+00
    1.0988019828E+01    4.45204E+13    3.34091E-02    2.27942E+02    4.17287E+01    1.82490E-01    8.17510E-01    7.89623E-01    1.26550E+00    1.39730E+00    1.11743E+32    0.00000E+00
    1.0999030690E+01    4.09572E+13    3.37006E-02    2.24890E+02    4.20644E+01    1.80172E-01    8.19828E-01    7.89859E-01    1.26520E+00    1.39770E+00    1.00128E+32    0.00000E+00
    1.1009802067E+01    3.76516E+13    3.41073E-02    2.21955E+02    4.23565E+01    1.78729E-01    8.21271E-01    7.90089E-01    1.26490E+00    1.39800E+00    8.97028E+31    0.00000E+00
    1.1020339166E+01    3.46181E+13    3.45364E-02    2.19072E+02    4.26147E+01    1.77543E-01    8.22457E-01    7.90314E-01    1.26460E+00    1.39830E+00    8.03508E+31    0.00000E+00
    1.1030647083E+01    3.18347E+13    3.49811E-02    2.16231E+02    4.28385E+01    1.76573E-01    8.23427E-01    7.90541E-01    1.26430E+00    1.39851E+00    7.19569E+31    0.00000E+00
    1.1040730804E+01    2.92691E+13    3.54366E-02    2.13382E+02    4.30628E+01    1.75601E-01    8.24399E-01    7.90760E-01    1.26410E+00    1.39880E+00    6.44222E+31    0.00000E+00
    1.1050730804E+01    2.68744E+13    3.59555E-02    2.10549E+02    4.32591E+01    1.75000E-01    8.25000E-01    7.90972E-01    1.26379E+00    1.39900E+00    5.75734E+31    0.00000E+00
    1.1060730804E+01    2.46229E+13    3.65715E-02    2.07734E+02    4.34120E+01    1.75000E-01    8.25000E-01    7.91179E-01    1.26350E+00    1.39920E+00    5.13054E+31    0.00000E+00
    1.1070730804E+01    2.25088E+13    3.72218E-02    2.04845E+02    4.35688E+01    1.75000E-01    8.25000E-01    7.91393E-01    1.26320E+00    1.39940E+00    4.55806E+31    0.00000E+00
    1.1080730804E+01    2.05407E+13    3.79275E-02    2.01931E+02    4.37151E+01    1.75199E-01    8.24801E-01    7.91611E-01    1.26290E+00    1.39960E+00    4.03659E+31    0.00000E+00
    1.1090730804E+01    1.87369E+13    3.87351E-02    1.99118E+02    4.38179E+01    1.76024E-01    8.23976E-01    7.91820E-01    1.26260E+00    1.39970E+00    3.56173E+31    0.00000E+00
    1.1100730804E+01    1.70411E+13    3.95940E-02    1.96216E+02    4.39239E+01    1.76874E-01    8.23126E-01    7.92035E-01    1.26230E+00    1.39982E+00    3.13015E+31    0.00000E+00
    1.1110730804E+01    1.54274E+13    4.05914E-02    1.93426E+02    4.39906E+01    1.78482E-01    8.21518E-01    7.92244E-01    1.26200E+00    1.40000E+00    2.73937E+31    0.00000E+00
    1.1120730804E+01    1.39175E+13    4.16679E-02    1.90583E+02    4.40509E+01    1.80268E-01    8.19732E-01    7.92460E-01    1.26170E+00    1.40010E+00    2.38704E+31    0.00000E+00
    1.1130730804E+01    1.25122E+13    4.28278E-02    1.87665E+02    4.41111E+01    1.82207E-01    8.17793E-01    7.92670E-01    1.26140E+00    1.40020E+00    2.07048E+31    0.00000E+00
    1.1140730804E+01    1.12191E+13    4.42414E-02    1.84967E+02    4.41316E+01    1.85425E-01    8.14575E-01    7.92876E-01    1.26110E+00    1.40030E+00    1.78688E+31    0.00000E+00
    1.1150730804E+01    1.00179E+13    4.57535E-02    1.82166E+02    4.41523E+01    1.88773E-01    8.11227E-01    7.93087E-01    1.26080E+00    1.40040E+00    1.53370E+31    0.00000E+00
    1.1160730804E+01    8.90558E+12    4.75910E-02    1.79456E+02    4.41600E+01    1.93398E-01    8.06602E-01    7.93293E-01    1.26047E+00    1.40040E+00    1.30861E+31    0.00000E+00
    1.1170730804E+01    7.87889E+12    4.96867E-02    1.76742E+02    4.41600E+01    1.98862E-01    8.01138E-01    7.93506E-01    1.26010E+00    1.40050E+00    1.10943E+31    0.00000E+00
    1.1180730804E+01    6.92974E+12    5.20860E-02    1.74101E+02    4.41424E+01    2.05428E-01    7.94572E-01    7.93716E-01    1.25980E+00    1.40060E+00    9.34121E+30    0.00000E+00
    1.1190730804E+01    6.05883E+12    5.47559E-02    1.71459E+02    4.41124E+01    2.12833E-01    7.87167E-01    7.93923E-01    1.25950E+00    1.40060E+00    7.80744E+30    0.00000E+00
    1.1200730804E+01    5.25235E+12    5.81081E-02    1.68870E+02    4.40755E+01    2.22632E-01    7.77368E-01    7.94128E-01    1.25920E+00    1.40070E+00    6.47442E+30    0.00000E+00
    1.1210730804E+01    4.51706E+12    6.20563E-02    1.66295E+02    4.40319E+01    2.34361E-01    7.65639E-01    7.94340E-01    1.25890E+00    1.40070E+00    5.32651E+30    0.00000E+00
    1.1220730804E+01    3.84496E+12    6.70368E-02    1.63827E+02    4.39788E+01    2.49721E-01    7.50279E-01    7.94541E-01    1.25850E+00    1.40070E+00    4.34648E+30    0.00000E+00
    1.1230730804E+01    3.23983E+12    7.28504E-02    1.61341E+02    4.39190E+01    2.67615E-01    7.32385E-01    7.94750E-01    1.25820E+00    1.40080E+00    3.51737E+30    0.00000E+00
    1.1240730804E+01    2.69111E+12    8.01842E-02    1.58904E+02    4.38462E+01    2.90601E-01    7.09399E-01    7.94956E-01    1.25790E+00    1.40080E+00    2.82592E+30    0.00000E+00
    1.1250730804E+01    2.20326E+12    8.96197E-02    1.56564E+02    4.37756E+01    3.20531E-01    6.79469E-01    7.95160E-01    1.25760E+00    1.40080E+00    2.25702E+30    0.00000E+00
    1.1260730804E+01    1.76596E+12    1.02101E-01    1.54185E+02    4.36937E+01    3.60306E-01    6.39694E-01    7.95363E-01    1.25730E+00    1.40080E+00    1.79640E+30    0.00000E+00
    1.1270730804E+01    1.37854E+12    1.19471E-01    1.51870E+02    4.35986E+01    4.16162E-01    5.83838E-01    7.95576E-01    1.25694E+00    1.40080E+00    1.43338E+30    0.00000E+00
    1.1280730804E+01    1.05845E+12    1.41753E-01    1.49642E+02    4.35062E+01    4.87558E-01    5.12442E-01    7.95782E-01    1.25660E+00    1.40080E+00    1.15212E+30    0.00000E+00
    1.1290730804E+01    7.86534E+11    1.73873E-01    1.47381E+02    4.34017E+01    5.90429E-01    4.09571E-01    7.95983E-01    1.25630E+00    1.40080E+00    9.39802E+29    0.00000E+00
    1.1300730804E+01    5.66463E+11    2.19706E-01    1.45164E+02    4.32987E+01    7.36576E-01    2.63424E-01    7.96181E-01    1.25600E+00    1.40090E+00    7.84864E+29    0.00000E+00
    1.1310730804E+01    4.07478E+11    2.77151E-01    1.42950E+02    4.31844E+01    9.17431E-01    8.25716E-02    7.96391E-01    1.25569E+00    1.40090E+00    6.74088E+29    0.00000E+00
    1.1320730804E+01    3.36077E+11    3.13497E-01    1.24977E+02    3.91799E+01    1.00000E+00    0.00000E+00    7.96592E-01    1.25530E+00    1.40090E+00    5.90779E+29    0.00000E+00
    1.1330730804E+01    3.00038E+11    3.21660E-01    1.20885E+02    3.88833E+01    1.00000E+00    0.00000E+00    7.96791E-01    1.25500E+00    1.40090E+00    5.17958E+29    0.00000E+00
    1.1340730804E+01    2.67175E+11    3.27296E-01    1.21898E+02    3.98955E+01    1.00000E+00    0.00000E+00    7.96995E-01    1.25470E+00    1.40090E+00    4.53200E+29    0.00000E+00
    1.1350730804E+01    2.40869E+11    3.27870E-01    1.22000E+02    4.00000E+01    1.00000E+00    0.00000E+00    7.97197E-01    1.25440E+00    1.40090E+00    3.95345E+29    0.00000E+00
    1.1360730804E+01    2.16787E+11    3.27870E-01    1.22000E+02    4.00000E+01    1.00000E+00    0.00000E+00    7.97397E-01    1.25410E+00    1.40090E+00    3.43314E+29    0.00000E+00
    1.1370730804E+01    1.89261E+11    3.36430E-01    1.23569E+02    4.15728E+01    1.00000E+00    0.00000E+00    7.97599E-01    1.25380E+00    1.40090E+00    2.97107E+29    0.00000E+00
    1.1380730804E+01    1.64324E+11    3.42876E-01    7.60887E+01    2.60887E+01    1.00000E+00    0.00000E+00    7.97802E-01    1.25348E+00    1.40090E+00    2.57164E+29    0.00000E+00
    1.1390730804E+01    1.43655E+11    3.52850E-01    7.72616E+01    2.72616E+01    1.00000E+00    0.00000E+00    7.98000E-01    1.25310E+00    1.40090E+00    2.22418E+29    0.00000E+00
    1.1400730804E+01    1.26704E+11    3.58970E-01    7.80000E+01    2.80000E+01    1.00000E+00    0.00000E+00    7.98200E-01    1.25280E+00    1.40090E+00    1.92068E+29    0.00000E+00
    1.1410730804E+01    1.13278E+11    3.58970E-01    7.80000E+01    2.80000E+01    1.00000E+00    0.00000E+00    7.98399E-01    1.25250E+00    1.40090E+00    1.65103E+29    0.00000E+00
    1.1420730804E+01    1.00726E+11    3.58970E-01    7.80000E+01    2.80000E+01    1.00000E+00    0.00000E+00    7.98594E-01    1.25220E+00    1.40090E+00    1.41097E+29    0.00000E+00
    1.1430730804E+01    8.89500E+10    3.58970E-01    7.80000E+01    2.80000E+01    1.00000E+00    0.00000E+00    7.98795E-01    1.25190E+00    1.40090E+00    1.19882E+29    0.00000E+00
    1.1440730804E+01    7.82805E+10    3.58970E-01    7.80000E+01    2.80000E+01    1.00000E+00    0.00000E+00    7.98992E-01    1.25160E+00    1.40090E+00    1.01229E+29    0.00000E+00
    1.1450730804E+01    6.86166E+10    3.58970E-01    7.80000E+01    2.80000E+01    1.00000E+00    0.00000E+00    7.99192E-01    1.25130E+00    1.40090E+00    8.48740E+28    0.00000E+00
    1.1460730804E+01    5.97451E+10    3.58970E-01    7.80000E+01    2.80000E+01    1.00000E+00    0.00000E+00    7.99387E-01    1.25100E+00    1.40090E+00    7.06168E+28    0.00000E+00
    1.1470730804E+01    5.15063E+10    3.60338E-01    7.81658E+01    2.81658E+01    1.00000E+00    0.00000E+00    7.99587E-01    1.25063E+00    1.40090E+00    5.82745E+28    0.00000E+00
    1.1480730804E+01    4.29751E+10    3.72950E-01    7.97382E+01    2.97382E+01    1.00000E+00    0.00000E+00    7.99782E-01    1.25030E+00    1.40090E+00    4.78444E+28    0.00000E+00
    1.1490730804E+01    3.67310E+10    3.75000E-01    8.00000E+01    3.00000E+01    1.00000E+00    0.00000E+00    7.99982E-01    1.25000E+00    1.40090E+00    3.90767E+28    0.00000E+00
    1.1500730804E+01    3.13284E+10    3.75000E-01    8.00000E+01    3.00000E+01    1.00000E+00    0.00000E+00    8.00172E-01    1.24970E+00    1.40090E+00    3.15891E+28    0.00000E+00
    1.1510730804E+01    2.64915E+10    3.75000E-01    8.00000E+01    3.00000E+01    1.00000E+00    0.00000E+00    8.00370E-01    1.24940E+00    1.40090E+00    2.52439E+28    0.00000E+00
    1.1520730804E+01    2.14809E+10    3.88461E-01    8.17618E+01    3.17618E+01    1.00000E+00    0.00000E+00    8.00563E-01    1.24910E+00    1.40090E+00    1.99965E+28    0.00000E+00
    1.1530730804E+01    1.78245E+10    3.90240E-01    8.20000E+01    3.20000E+01    1.00000E+00    0.00000E+00    8.00760E-01    1.24880E+00    1.40090E+00    1.57128E+28    0.00000E+00
    1.1540730804E+01    1.47262E+10    3.90240E-01    8.20000E+01    3.20000E+01    1.00000E+00    0.00000E+00    8.00953E-01    1.24850E+00    1.40090E+00    1.21684E+28    0.00000E+00
    1.1550730804E+01    1.20314E+10    3.90240E-01    8.20000E+01    3.20000E+01    1.00000E+00    0.00000E+00    8.01143E-01    1.24820E+00    1.40090E+00    9.26048E+27    0.00000E+00
    1.1560730804E+01    9.66737E+09    3.90240E-01    8.20000E+01    3.20000E+01    1.00000E+00    0.00000E+00    8.01340E-01    1.24790E+00    1.40090E+00    6.90681E+27    1.22046E+01
    1.1570730804E+01    7.50616E+09    3.96741E-01    8.28832E+01    3.28832E+01    1.00000E+00    0.00000E+00    8.01532E-01    1.24760E+00    1.40090E+00    5.04399E+27    1.43501E+01
