    2.9000000000E-02    9.86630E+14    7.66370E-02    1.00000E+00    7.66370E-02    0.00000E+00    9.23360E-01    6.31570E-01    1.00000E+00    3.01120E-14    1.36580E+35    7.55800E-01    5.06610E-01    4.13140E+02
    5.8000000000E-02    9.86338E+14    7.66324E-02    1.00000E+00    7.66324E-02    0.00000E+00    9.23364E-01    6.31634E-01    1.00013E+00    7.22761E-05    1.36477E+35    7.55800E-01    5.06619E-01    4.13096E+02
    8.7000000000E-02    9.86192E+14    7.66300E-02    1.00000E+00    7.66300E-02    0.00000E+00    9.23367E-01    6.31665E-01    1.00020E+00    1.08414E-04    1.36426E+35    7.55800E-01    5.06623E-01    4.13074E+02
    1.1600000000E-01    9.86046E+14    7.66277E-02    1.00000E+00    7.66277E-02    0.00000E+00    9.23369E-01    6.31697E-01    1.00027E+00    1.44552E-04    1.36375E+35    7.55800E-01    5.06628E-01    4.13052E+02
    1.4500000000E-01    9.85900E+14    7.66254E-02    1.00000E+00    7.66254E-02    0.00000E+00    9.23371E-01    6.31729E-01    1.00034E+00    1.80690E-04    1.36324E+35    7.55800E-01    5.06632E-01    4.13030E+02
    1.7400000000E-01    9.85754E+14    7.66231E-02    1.00000E+00    7.66231E-02    0.00000E+00    9.23373E-01    6.31761E-01    1.00040E+00    2.16828E-04    1.36272E+35    7.55800E-01    5.06637E-01    4.13008E+02
    2.0300000000E-01    9.85608E+14    7.66208E-02    1.00000E+00    7.66208E-02    0.00000E+00    9.23376E-01    6.31793E-01    1.00047E+00    2.52966E-04    1.36221E+35    7.55800E-01    5.06641E-01    4.12985E+02
    2.3200000000E-01    9.85462E+14    7.66184E-02    1.00000E+00    7.66184E-02    0.00000E+00    9.23378E-01    6.31824E-01    1.00054E+00    2.89104E-04    1.36170E+35    7.55800E-01    5.06646E-01    4.12963E+02
    2.6100000000E-01    9.85316E+14    7.66161E-02    1.00000E+00    7.66161E-02    0.00000E+00    9.23380E-01    6.31856E-01    1.00061E+00    3.25242E-04    1.36119E+35    7.55800E-01    5.06650E-01    4.12941E+02
    2.9000000000E-01    9.85171E+14    7.66138E-02    1.00000E+00    7.66138E-02    0.00000E+00    9.23382E-01    6.31888E-01    1.00067E+00    3.61380E-04    1.36067E+35    7.55800E-01    5.06655E-01    4.12919E+02
    3.1900000000E-01    9.85025E+14    7.66115E-02    1.00000E+00    7.66115E-02    0.00000E+00    9.23385E-01    6.31920E-01    1.00074E+00    3.97518E-04    1.36016E+35    7.55800E-01    5.06659E-01    4.12897E+02
    3.4800000000E-01    9.84879E+14    7.66092E-02    1.00000E+00    7.66092E-02    0.00000E+00    9.23387E-01    6.31952E-01    1.00081E+00    4.33656E-04    1.35965E+35    7.55800E-01    5.06664E-01    4.12875E+02
    3.7700000000E-01    9.84733E+14    7.66068E-02    1.00000E+00    7.66068E-02    0.00000E+00    9.23389E-01    6.31984E-01    1.00088E+00    4.69794E-04    1.35914E+35    7.55800E-01    5.06668E-01    4.12853E+02
    4.0600000000E-01    9.84587E+14    7.66045E-02    1.00000E+00    7.66045E-02    0.00000E+00    9.23391E-01    6.32015E-01    1.00094E+00    5.05932E-04    1.35862E+35    7.55800E-01    5.06673E-01    4.12831E+02
    4.3500000000E-01    9.84441E+14    7.66022E-02    1.00000E+00    7.66022E-02    0.00000E+00    9.23394E-01    6.32047E-01    1.00101E+00    5.42070E-04    1.35811E+35    7.55800E-01    5.06677E-01    4.12809E+02
    4.6400000000E-01    9.84295E+14    7.65999E-02    1.00000E+00    7.65999E-02    0.00000E+00    9.23396E-01    6.32079E-01    1.00108E+00    5.78208E-04    1.35760E+35    7.55800E-01    5.06682E-01    4.12787E+02
    4.9300000000E-01    9.84149E+14    7.65976E-02    1.00000E+00    7.65976E-02    0.00000E+00    9.23398E-01    6.32111E-01    1.00115E+00    6.14347E-04    1.35708E+35    7.55800E-01    5.06686E-01    4.12765E+02
    5.2200000000E-01    9.84003E+14    7.65952E-02    1.00000E+00    7.65952E-02    0.00000E+00    9.23400E-01    6.32143E-01    1.00121E+00    6.50485E-04    1.35657E+35    7.55800E-01    5.06691E-01    4.12743E+02
    5.5100000000E-01    9.83857E+14    7.65929E-02    1.00000E+00    7.65929E-02    0.00000E+00    9.23403E-01    6.32174E-01    1.00128E+00    6.86623E-04    1.35606E+35    7.55800E-01    5.06695E-01    4.12720E+02
    5.8000000000E-01    9.83711E+14    7.65906E-02    1.00000E+00    7.65906E-02    0.00000E+00    9.23405E-01    6.32206E-01    1.00135E+00    7.22761E-04    1.35555E+35    7.55800E-01    5.06700E-01    4.12698E+02
    6.0900000000E-01    9.83565E+14    7.65883E-02    1.00000E+00    7.65883E-02    0.00000E+00    9.23407E-01    6.32238E-01    1.00141E+00    7.58899E-04    1.35503E+35    7.55800E-01    5.06704E-01    4.12676E+02
    6.3800000000E-01    9.83419E+14    7.65860E-02    1.00000E+00    7.65860E-02    0.00000E+00    9.23409E-01    6.32270E-01    1.00148E+00    7.95037E-04    1.35452E+35    7.55800E-01    5.06709E-01    4.12654E+02
    6.6700000000E-01    9.83273E+14    7.65836E-02    1.00000E+00    7.65836E-02    0.00000E+00    9.23412E-01    6.32302E-01    1.00155E+00    8.31175E-04    1.35401E+35    7.55800E-01    5.06713E-01    4.12632E+02
    6.9600000000E-01    9.83127E+14    7.65813E-02    1.00000E+00    7.65813E-02    0.00000E+00    9.23414E-01    6.32333E-01    1.00162E+00    8.67313E-04    1.35350E+35    7.55800E-01    5.06718E-01    4.12610E+02
    7.2500000000E-01    9.82981E+14    7.65790E-02    1.00000E+00    7.65790E-02    0.00000E+00    9.23416E-01    6.32365E-01    1.00168E+00    9.03451E-04    1.35298E+35    7.55800E-01    5.06722E-01    4.12588E+02
    7.5400000000E-01    9.82835E+14    7.65767E-02    1.00000E+00    7.65767E-02    0.00000E+00    9.23418E-01    6.32397E-01    1.00175E+00    9.39589E-04    1.35247E+35    7.55800E-01    5.06727E-01    4.12566E+02
    7.8300000000E-01    9.82632E+14    7.65734E-02    1.00000E+00    7.65734E-02    0.00000E+00    9.23422E-01    6.32441E-01    1.00185E+00    1.00981E-03    1.35175E+35    7.55800E-01    5.06733E-01    4.12535E+02
    8.1200000000E-01    9.82279E+14    7.65678E-02    1.00000E+00    7.65678E-02    0.00000E+00    9.23428E-01    6.32518E-01    1.00202E+00    1.16854E-03    1.35051E+35    7.55800E-01    5.06744E-01    4.12483E+02
    8.4100000000E-01    9.81927E+14    7.65622E-02    1.00000E+00    7.65622E-02    0.00000E+00    9.23434E-01    6.32596E-01    1.00219E+00    1.32727E-03    1.34927E+35    7.55800E-01    5.06755E-01    4.12430E+02
    8.7000000000E-01    9.81574E+14    7.65566E-02    1.00000E+00    7.65566E-02    0.00000E+00    9.23441E-01    6.32673E-01    1.00236E+00    1.48600E-03    1.34803E+35    7.55800E-01    5.06766E-01    4.12378E+02
    8.9900000000E-01    9.81221E+14    7.65510E-02    1.00000E+00    7.65510E-02    0.00000E+00    9.23447E-01    6.32750E-01    1.00254E+00    1.64473E-03    1.34679E+35    7.55800E-01    5.06777E-01    4.12325E+02
    9.2800000000E-01    9.80868E+14    7.65453E-02    1.00000E+00    7.65453E-02    0.00000E+00    9.23453E-01    6.32827E-01    1.00271E+00    1.80346E-03    1.34554E+35    7.55800E-01    5.06787E-01    4.12272E+02
    9.5700000000E-01    9.80516E+14    7.65397E-02    1.00000E+00    7.65397E-02    0.00000E+00    9.23460E-01    6.32904E-01    1.00288E+00    1.96219E-03    1.34430E+35    7.55800E-01    5.06798E-01    4.12220E+02
    9.8600000000E-01    9.80163E+14    7.65341E-02    1.00000E+00    7.65341E-02    0.00000E+00    9.23466E-01    6.32981E-01    1.00305E+00    2.12093E-03    1.34306E+35    7.55800E-01    5.06809E-01    4.12167E+02
    1.0150000000E+00    9.79810E+14    7.65285E-02    1.00000E+00    7.65285E-02    0.00000E+00    9.23473E-01    6.33058E-01    1.00323E+00    2.27966E-03    1.34182E+35    7.55800E-01    5.06820E-01    4.12115E+02
    1.0440000000E+00    9.79458E+14    7.65228E-02    1.00000E+00    7.65228E-02    0.00000E+00    9.23479E-01    6.33135E-01    1.00340E+00    2.43839E-03    1.34057E+35    7.55800E-01    5.06831E-01    4.12062E+02
    1.0730000000E+00    9.79105E+14    7.65172E-02    1.00000E+00    7.65172E-02    0.00000E+00    9.23485E-01    6.33212E-01    1.00357E+00    2.59712E-03    1.33933E+35    7.55800E-01    5.06842E-01    4.12009E+02
    1.1020000000E+00    9.78726E+14    7.65112E-02    1.00000E+00    7.65112E-02    0.00000E+00    9.23492E-01    6.33295E-01    1.00375E+00    2.78265E-03    1.33800E+35    7.55800E-01    5.06854E-01    4.11953E+02
    1.1310000000E+00    9.78267E+14    7.65040E-02    1.00000E+00    7.65040E-02    0.00000E+00    9.23499E-01    6.33396E-01    1.00397E+00    3.04895E-03    1.33640E+35    7.55800E-01    5.06868E-01    4.11883E+02
    1.1600000000E+00    9.77808E+14    7.64967E-02    1.00000E+00    7.64967E-02    0.00000E+00    9.23506E-01    6.33497E-01    1.00418E+00    3.31524E-03    1.33480E+35    7.55800E-01    5.06882E-01    4.11813E+02
    1.1890000000E+00    9.77349E+14    7.64895E-02    1.00000E+00    7.64895E-02    0.00000E+00    9.23513E-01    6.33597E-01    1.00439E+00    3.58154E-03    1.33320E+35    7.55800E-01    5.06896E-01    4.11743E+02
    1.2180000000E+00    9.76891E+14    7.64823E-02    1.00000E+00    7.64823E-02    0.00000E+00    9.23520E-01    6.33698E-01    1.00461E+00    3.84784E-03    1.33160E+35    7.55800E-01    5.06910E-01    4.11673E+02
    1.2470000000E+00    9.76432E+14    7.64750E-02    1.00000E+00    7.64750E-02    0.00000E+00    9.23527E-01    6.33799E-01    1.00482E+00    4.11413E-03    1.33000E+35    7.55800E-01    5.06925E-01    4.11603E+02
    1.2760000000E+00    9.75973E+14    7.64678E-02    1.00000E+00    7.64678E-02    0.00000E+00    9.23534E-01    6.33900E-01    1.00503E+00    4.38043E-03    1.32840E+35    7.55800E-01    5.06939E-01    4.11533E+02
    1.3050000000E+00    9.75514E+14    7.64606E-02    1.00000E+00    7.64606E-02    0.00000E+00    9.23542E-01    6.34000E-01    1.00525E+00    4.64673E-03    1.32680E+35    7.55800E-01    5.06953E-01    4.11463E+02
    1.3340000000E+00    9.75056E+14    7.64533E-02    1.00000E+00    7.64533E-02    0.00000E+00    9.23549E-01    6.34101E-01    1.00546E+00    4.91302E-03    1.32520E+35    7.55800E-01    5.06967E-01    4.11393E+02
    1.3630000000E+00    9.74527E+14    7.64449E-02    1.00000E+00    7.64449E-02    0.00000E+00    9.23557E-01    6.34216E-01    1.00571E+00    5.26515E-03    1.32337E+35    7.55800E-01    5.06984E-01    4.11313E+02
    1.3920000000E+00    9.73983E+14    7.64361E-02    1.00000E+00    7.64361E-02    0.00000E+00    9.23565E-01    6.34335E-01    1.00596E+00    5.63696E-03    1.32150E+35    7.55800E-01    5.07001E-01    4.11232E+02
    1.4210000000E+00    9.73438E+14    7.64274E-02    1.00000E+00    7.64274E-02    0.00000E+00    9.23574E-01    6.34453E-01    1.00621E+00    6.00878E-03    1.31962E+35    7.55800E-01    5.07018E-01    4.11150E+02
    1.4500000000E+00    9.72894E+14    7.64186E-02    1.00000E+00    7.64186E-02    0.00000E+00    9.23582E-01    6.34572E-01    1.00647E+00    6.38059E-03    1.31775E+35    7.55800E-01    5.07035E-01    4.11068E+02
    1.4790000000E+00    9.72349E+14    7.64099E-02    1.00000E+00    7.64099E-02    0.00000E+00    9.23591E-01    6.34690E-01    1.00672E+00    6.75240E-03    1.31587E+35    7.55800E-01    5.07051E-01    4.10986E+02
    1.5080000000E+00    9.71805E+14    7.64012E-02    1.00000E+00    7.64012E-02    0.00000E+00    9.23599E-01    6.34809E-01    1.00698E+00    7.12421E-03    1.31399E+35    7.55800E-01    5.07068E-01    4.10904E+02
    1.5370000000E+00    9.71260E+14    7.63924E-02    1.00000E+00    7.63924E-02    0.00000E+00    9.23608E-01    6.34927E-01    1.00723E+00    7.49603E-03    1.31212E+35    7.55800E-01    5.07085E-01    4.10823E+02
    1.5660000000E+00    9.70662E+14    7.63829E-02    1.00000E+00    7.63829E-02    0.00000E+00    9.23617E-01    6.35058E-01    1.00752E+00    7.94320E-03    1.31006E+35    7.55800E-01    5.07103E-01    4.10733E+02
    1.5950000000E+00    9.70044E+14    7.63731E-02    1.00000E+00    7.63731E-02    0.00000E+00    9.23627E-01    6.35193E-01    1.00783E+00    8.41904E-03    1.30794E+35    7.55800E-01    5.07120E-01    4.10639E+02
    1.6240000000E+00    9.69425E+14    7.63633E-02    1.00000E+00    7.63633E-02    0.00000E+00    9.23636E-01    6.35328E-01    1.00813E+00    8.89488E-03    1.30582E+35    7.55800E-01    5.07138E-01    4.10546E+02
    1.6530000000E+00    9.68807E+14    7.63535E-02    1.00000E+00    7.63535E-02    0.00000E+00    9.23646E-01    6.35463E-01    1.00844E+00    9.37073E-03    1.30370E+35    7.55800E-01    5.07156E-01    4.10453E+02
    1.6820000000E+00    9.68188E+14    7.63437E-02    1.00000E+00    7.63437E-02    0.00000E+00    9.23656E-01    6.35597E-01    1.00874E+00    9.84657E-03    1.30158E+35    7.55800E-01    5.07173E-01    4.10360E+02
    1.7110000000E+00    9.67570E+14    7.63339E-02    1.00000E+00    7.63339E-02    0.00000E+00    9.23665E-01    6.35732E-01    1.00905E+00    1.03224E-02    1.29946E+35    7.55800E-01    5.07191E-01    4.10267E+02
    1.7400000000E+00    9.66921E+14    7.63235E-02    1.00000E+00    7.63235E-02    0.00000E+00    9.23675E-01    6.35874E-01    1.00936E+00    1.08494E-02    1.29724E+35    7.55800E-01    5.07211E-01    4.10168E+02
    1.7690000000E+00    9.66240E+14    7.63124E-02    1.00000E+00    7.63124E-02    0.00000E+00    9.23686E-01    6.36022E-01    1.00968E+00    1.14277E-02    1.29490E+35    7.55800E-01    5.07232E-01    4.10065E+02
    1.7980000000E+00    9.65559E+14    7.63014E-02    1.00000E+00    7.63014E-02    0.00000E+00    9.23697E-01    6.36170E-01    1.01000E+00    1.20061E-02    1.29257E+35    7.55800E-01    5.07253E-01    4.09962E+02
    1.8270000000E+00    9.64878E+14    7.62903E-02    1.00000E+00    7.62903E-02    0.00000E+00    9.23707E-01    6.36318E-01    1.01032E+00    1.25844E-02    1.29023E+35    7.55800E-01    5.07275E-01    4.09858E+02
    1.8560000000E+00    9.64197E+14    7.62793E-02    1.00000E+00    7.62793E-02    0.00000E+00    9.23718E-01    6.36465E-01    1.01064E+00    1.31628E-02    1.28790E+35    7.55800E-01    5.07296E-01    4.09755E+02
    1.8850000000E+00    9.63516E+14    7.62682E-02    1.00000E+00    7.62682E-02    0.00000E+00    9.23729E-01    6.36613E-01    1.01096E+00    1.37411E-02    1.28556E+35    7.55800E-01    5.07318E-01    4.09652E+02
    1.9140000000E+00    9.62781E+14    7.62565E-02    1.00000E+00    7.62565E-02    0.00000E+00    9.23740E-01    6.36773E-01    1.01131E+00    1.44097E-02    1.28306E+35    7.55800E-01    5.07341E-01    4.09538E+02
    1.9430000000E+00    9.62038E+14    7.62446E-02    1.00000E+00    7.62446E-02    0.00000E+00    9.23752E-01    6.36935E-01    1.01166E+00    1.50896E-02    1.28053E+35    7.55800E-01    5.07364E-01    4.09423E+02
    1.9720000000E+00    9.61295E+14    7.62327E-02    1.00000E+00    7.62327E-02    0.00000E+00    9.23764E-01    6.37096E-01    1.01201E+00    1.57695E-02    1.27800E+35    7.55800E-01    5.07387E-01    4.09309E+02
    2.0010000000E+00    9.60552E+14    7.62209E-02    1.00000E+00    7.62209E-02    0.00000E+00    9.23775E-01    6.37257E-01    1.01236E+00    1.64494E-02    1.27547E+35    7.55800E-01    5.07411E-01    4.09194E+02
    2.0300000000E+00    9.59810E+14    7.62090E-02    1.00000E+00    7.62090E-02    0.00000E+00    9.23787E-01    6.37419E-01    1.01271E+00    1.71294E-02    1.27295E+35    7.55800E-01    5.07434E-01    4.09079E+02
    2.0590000000E+00    9.59027E+14    7.61963E-02    1.00000E+00    7.61963E-02    0.00000E+00    9.23801E-01    6.37590E-01    1.01308E+00    1.78836E-02    1.27030E+35    7.55800E-01    5.07459E-01    4.08960E+02
    2.0880000000E+00    9.58231E+14    7.61833E-02    1.00000E+00    7.61833E-02    0.00000E+00    9.23816E-01    6.37763E-01    1.01346E+00    1.86633E-02    1.26762E+35    7.55800E-01    5.07484E-01    4.08838E+02
    2.1170000000E+00    9.57434E+14    7.61703E-02    1.00000E+00    7.61703E-02    0.00000E+00    9.23830E-01    6.37937E-01    1.01384E+00    1.94431E-02    1.26494E+35    7.55800E-01    5.07509E-01    4.08716E+02
    2.1460000000E+00    9.56638E+14    7.61573E-02    1.00000E+00    7.61573E-02    0.00000E+00    9.23845E-01    6.38111E-01    1.01421E+00    2.02228E-02    1.26226E+35    7.55800E-01    5.07534E-01    4.08595E+02
    2.1750000000E+00    9.55842E+14    7.61444E-02    1.00000E+00    7.61444E-02    0.00000E+00    9.23860E-01    6.38285E-01    1.01459E+00    2.10026E-02    1.25957E+35    7.55800E-01    5.07559E-01    4.08473E+02
    2.2040000000E+00    9.54997E+14    7.61305E-02    1.00000E+00    7.61305E-02    0.00000E+00    9.23873E-01    6.38468E-01    1.01499E+00    2.18784E-02    1.25674E+35    7.55800E-01    5.07584E-01    4.08344E+02
    2.2330000000E+00    9.54151E+14    7.61166E-02    1.00000E+00    7.61166E-02    0.00000E+00    9.23886E-01    6.38652E-01    1.01539E+00    2.27569E-02    1.25389E+35    7.55800E-01    5.07609E-01    4.08214E+02
    2.2620000000E+00    9.53305E+14    7.61028E-02    1.00000E+00    7.61028E-02    0.00000E+00    9.23900E-01    6.38836E-01    1.01580E+00    2.36354E-02    1.25105E+35    7.55800E-01    5.07633E-01    4.08084E+02
    2.2910000000E+00    9.52459E+14    7.60889E-02    1.00000E+00    7.60889E-02    0.00000E+00    9.23913E-01    6.39019E-01    1.01620E+00    2.45139E-02    1.24821E+35    7.55800E-01    5.07658E-01    4.07954E+02
    2.3200000000E+00    9.51588E+14    7.60747E-02    1.00000E+00    7.60747E-02    0.00000E+00    9.23927E-01    6.39208E-01    1.01662E+00    2.54417E-02    1.24529E+35    7.55800E-01    5.07684E-01    4.07821E+02
    2.3490000000E+00    9.50693E+14    7.60602E-02    1.00000E+00    7.60602E-02    0.00000E+00    9.23941E-01    6.39403E-01    1.01704E+00    2.64178E-02    1.24230E+35    7.55800E-01    5.07713E-01    4.07683E+02
    2.3780000000E+00    9.49798E+14    7.60457E-02    1.00000E+00    7.60457E-02    0.00000E+00    9.23956E-01    6.39598E-01    1.01747E+00    2.73940E-02    1.23931E+35    7.55800E-01    5.07741E-01    4.07545E+02
    2.4070000000E+00    9.48903E+14    7.60312E-02    1.00000E+00    7.60312E-02    0.00000E+00    9.23970E-01    6.39792E-01    1.01790E+00    2.83702E-02    1.23632E+35    7.55800E-01    5.07770E-01    4.07407E+02
    2.4360000000E+00    9.48000E+14    7.60167E-02    1.00000E+00    7.60167E-02    0.00000E+00    9.23984E-01    6.39990E-01    1.01832E+00    2.93745E-02    1.23329E+35    7.55800E-01    5.07798E-01    4.07269E+02
    2.4650000000E+00    9.47076E+14    7.60019E-02    1.00000E+00    7.60019E-02    0.00000E+00    9.23999E-01    6.40195E-01    1.01875E+00    3.04469E-02    1.23019E+35    7.55800E-01    5.07826E-01    4.07129E+02
    2.4940000000E+00    9.46152E+14    7.59871E-02    1.00000E+00    7.59871E-02    0.00000E+00    9.24014E-01    6.40401E-01    1.01918E+00    3.15193E-02    1.22708E+35    7.55800E-01    5.07853E-01    4.06989E+02
    2.5230000000E+00    9.45228E+14    7.59724E-02    1.00000E+00    7.59724E-02    0.00000E+00    9.24029E-01    6.40606E-01    1.01960E+00    3.25917E-02    1.22398E+35    7.55800E-01    5.07881E-01    4.06848E+02
    2.5520000000E+00    9.44294E+14    7.59575E-02    1.00000E+00    7.59575E-02    0.00000E+00    9.24044E-01    6.40814E-01    1.02004E+00    3.36926E-02    1.22083E+35    7.55800E-01    5.07909E-01    4.06705E+02
    2.5810000000E+00    9.43337E+14    7.59425E-02    1.00000E+00    7.59425E-02    0.00000E+00    9.24057E-01    6.41030E-01    1.02051E+00    3.48605E-02    1.21760E+35    7.55800E-01    5.07941E-01    4.06555E+02
    2.6100000000E+00    9.42380E+14    7.59276E-02    1.00000E+00    7.59276E-02    0.00000E+00    9.24070E-01    6.41246E-01    1.02099E+00    3.60283E-02    1.21437E+35    7.55800E-01    5.07973E-01    4.06406E+02
    2.6390000000E+00    9.41423E+14    7.59126E-02    1.00000E+00    7.59126E-02    0.00000E+00    9.24083E-01    6.41461E-01    1.02146E+00    3.71961E-02    1.21113E+35    7.55800E-01    5.08004E-01    4.06256E+02
    2.6680000000E+00    9.40446E+14    7.58972E-02    1.00000E+00    7.58972E-02    0.00000E+00    9.24098E-01    6.41680E-01    1.02194E+00    3.84105E-02    1.20784E+35    7.55800E-01    5.08035E-01    4.06104E+02
    2.6970000000E+00    9.39448E+14    7.58816E-02    1.00000E+00    7.58816E-02    0.00000E+00    9.24115E-01    6.41903E-01    1.02244E+00    3.96722E-02    1.20448E+35    7.55800E-01    5.08065E-01    4.05950E+02
    2.7260000000E+00    9.38449E+14    7.58659E-02    1.00000E+00    7.58659E-02    0.00000E+00    9.24131E-01    6.42126E-01    1.02294E+00    4.09340E-02    1.20113E+35    7.55800E-01    5.08095E-01    4.05796E+02
    2.7550000000E+00    9.37451E+14    7.58502E-02    1.00000E+00    7.58502E-02    0.00000E+00    9.24148E-01    6.42349E-01    1.02343E+00    4.21957E-02    1.19777E+35    7.55800E-01    5.08126E-01    4.05642E+02
    2.7840000000E+00    9.36419E+14    7.58340E-02    1.00000E+00    7.58340E-02    0.00000E+00    9.24165E-01    6.42577E-01    1.02392E+00    4.35372E-02    1.19432E+35    7.55800E-01    5.08157E-01    4.05482E+02
    2.8130000000E+00    9.35381E+14    7.58176E-02    1.00000E+00    7.58176E-02    0.00000E+00    9.24182E-01    6.42806E-01    1.02441E+00    4.48917E-02    1.19085E+35    7.55800E-01    5.08189E-01    4.05322E+02
    2.8420000000E+00    9.34343E+14    7.58013E-02    1.00000E+00    7.58013E-02    0.00000E+00    9.24199E-01    6.43036E-01    1.02489E+00    4.62463E-02    1.18738E+35    7.55800E-01    5.08220E-01    4.05161E+02
    2.8710000000E+00    9.33292E+14    7.57847E-02    1.00000E+00    7.57847E-02    0.00000E+00    9.24217E-01    6.43270E-01    1.02540E+00    4.76350E-02    1.18388E+35    7.55800E-01    5.08253E-01    4.04998E+02
    2.9000000000E+00    9.32218E+14    7.57677E-02    1.00000E+00    7.57677E-02    0.00000E+00    9.24235E-01    6.43511E-01    1.02594E+00    4.90813E-02    1.18033E+35    7.55800E-01    5.08289E-01    4.04831E+02
    2.9290000000E+00    9.31145E+14    7.57507E-02    1.00000E+00    7.57507E-02    0.00000E+00    9.24252E-01    6.43753E-01    1.02647E+00    5.05277E-02    1.17679E+35    7.55800E-01    5.08325E-01    4.04664E+02
    2.9580000000E+00    9.30071E+14    7.57337E-02    1.00000E+00    7.57337E-02    0.00000E+00    9.24270E-01    6.43994E-01    1.02701E+00    5.19756E-02    1.17324E+35    7.55800E-01    5.08361E-01    4.04497E+02
    2.9870000000E+00    9.28960E+14    7.57161E-02    1.00000E+00    7.57161E-02    0.00000E+00    9.24286E-01    6.44242E-01    1.02753E+00    5.35124E-02    1.16956E+35    7.55800E-01    5.08395E-01    4.04327E+02
    3.0160000000E+00    9.27850E+14    7.56984E-02    1.00000E+00    7.56984E-02    0.00000E+00    9.24301E-01    6.44489E-01    1.02806E+00    5.50492E-02    1.16588E+35    7.55800E-01    5.08429E-01    4.04157E+02
    3.0450000000E+00    9.26740E+14    7.56808E-02    1.00000E+00    7.56808E-02    0.00000E+00    9.24317E-01    6.44737E-01    1.02859E+00    5.65861E-02    1.16219E+35    7.55800E-01    5.08463E-01    4.03987E+02
    3.0740000000E+00    9.25604E+14    7.56627E-02    1.00000E+00    7.56627E-02    0.00000E+00    9.24335E-01    6.44988E-01    1.02915E+00    5.81931E-02    1.15846E+35    7.55800E-01    5.08498E-01    4.03809E+02
    3.1030000000E+00    9.24461E+14    7.56444E-02    1.00000E+00    7.56444E-02    0.00000E+00    9.24354E-01    6.45241E-01    1.02973E+00    5.98195E-02    1.15472E+35    7.55800E-01    5.08533E-01    4.03630E+02
    3.1320000000E+00    9.23318E+14    7.56262E-02    1.00000E+00    7.56262E-02    0.00000E+00    9.24373E-01    6.45494E-01    1.03030E+00    6.14459E-02    1.15097E+35    7.55800E-01    5.08568E-01    4.03451E+02
    3.1610000000E+00    9.22150E+14    7.56075E-02    1.00000E+00    7.56075E-02    0.00000E+00    9.24393E-01    6.45755E-01    1.03087E+00    6.31308E-02    1.14717E+35    7.55800E-01    5.08604E-01    4.03268E+02
    3.1900000000E+00    9.20969E+14    7.55887E-02    1.00000E+00    7.55887E-02    0.00000E+00    9.24413E-01    6.46019E-01    1.03143E+00    6.48457E-02    1.14333E+35    7.55800E-01    5.08640E-01    4.03082E+02
    3.2190000000E+00    9.19788E+14    7.55698E-02    1.00000E+00    7.55698E-02    0.00000E+00    9.24433E-01    6.46284E-01    1.03200E+00    6.65606E-02    1.13949E+35    7.55800E-01    5.08677E-01    4.02897E+02
    3.2480000000E+00    9.18590E+14    7.55506E-02    1.00000E+00    7.55506E-02    0.00000E+00    9.24451E-01    6.46552E-01    1.03257E+00    6.83309E-02    1.13562E+35    7.55800E-01    5.08716E-01    4.02708E+02
    3.2770000000E+00    9.17382E+14    7.55311E-02    1.00000E+00    7.55311E-02    0.00000E+00    9.24468E-01    6.46821E-01    1.03315E+00    7.01326E-02    1.13173E+35    7.55800E-01    5.08757E-01    4.02517E+02
    3.3060000000E+00    9.16174E+14    7.55117E-02    1.00000E+00    7.55117E-02    0.00000E+00    9.24485E-01    6.47091E-01    1.03373E+00    7.19344E-02    1.12784E+35    7.55800E-01    5.08798E-01    4.02326E+02
    3.3350000000E+00    9.14940E+14    7.54916E-02    1.00000E+00    7.54916E-02    0.00000E+00    9.24505E-01    6.47364E-01    1.03435E+00    7.37971E-02    1.12387E+35    7.55800E-01    5.08837E-01    4.02133E+02
    3.3640000000E+00    9.13696E+14    7.54712E-02    1.00000E+00    7.54712E-02    0.00000E+00    9.24526E-01    6.47638E-01    1.03498E+00    7.56851E-02    1.11986E+35    7.55800E-01    5.08876E-01    4.01940E+02
    3.3930000000E+00    9.12451E+14    7.54508E-02    1.00000E+00    7.54508E-02    0.00000E+00    9.24547E-01    6.47912E-01    1.03561E+00    7.75730E-02    1.11585E+35    7.55800E-01    5.08915E-01    4.01747E+02
    3.4220000000E+00    9.11182E+14    7.54302E-02    1.00000E+00    7.54302E-02    0.00000E+00    9.24569E-01    6.48196E-01    1.03623E+00    7.95345E-02    1.11181E+35    7.55800E-01    5.08954E-01    4.01545E+02
    3.4510000000E+00    9.09910E+14    7.54096E-02    1.00000E+00    7.54096E-02    0.00000E+00    9.24590E-01    6.48482E-01    1.03684E+00    8.15077E-02    1.10776E+35    7.55800E-01    5.08994E-01    4.01343E+02
    3.4800000000E+00    9.08634E+14    7.53890E-02    1.00000E+00    7.53890E-02    0.00000E+00    9.24612E-01    6.48768E-01    1.03746E+00    8.34890E-02    1.10370E+35    7.55800E-01    5.09034E-01    4.01140E+02
    3.5090000000E+00    9.07334E+14    7.53678E-02    1.00000E+00    7.53678E-02    0.00000E+00    9.24634E-01    6.49058E-01    1.03809E+00    8.55458E-02    1.09954E+35    7.55800E-01    5.09075E-01    4.00936E+02
    3.5380000000E+00    9.06034E+14    7.53466E-02    1.00000E+00    7.53466E-02    0.00000E+00    9.24657E-01    6.49348E-01    1.03872E+00    8.76025E-02    1.09538E+35    7.55800E-01    5.09116E-01    4.00732E+02
    3.5670000000E+00    9.04719E+14    7.53252E-02    1.00000E+00    7.53252E-02    0.00000E+00    9.24678E-01    6.49641E-01    1.03936E+00    8.96929E-02    1.09120E+35    7.55800E-01    5.09157E-01    4.00523E+02
    3.5960000000E+00    9.03385E+14    7.53035E-02    1.00000E+00    7.53035E-02    0.00000E+00    9.24697E-01    6.49938E-01    1.04001E+00    9.18325E-02    1.08701E+35    7.55800E-01    5.09199E-01    4.00310E+02
    3.6250000000E+00    9.02050E+14    7.52817E-02    1.00000E+00    7.52817E-02    0.00000E+00    9.24716E-01    6.50235E-01    1.04066E+00    9.39721E-02    1.08281E+35    7.55800E-01    5.09241E-01    4.00096E+02
    3.6540000000E+00    9.00698E+14    7.52596E-02    1.00000E+00    7.52596E-02    0.00000E+00    9.24738E-01    6.50536E-01    1.04132E+00    9.61762E-02    1.07856E+35    7.55800E-01    5.09287E-01    3.99882E+02
    3.6830000000E+00    8.99341E+14    7.52373E-02    1.00000E+00    7.52373E-02    0.00000E+00    9.24762E-01    6.50837E-01    1.04198E+00    9.83982E-02    1.07430E+35    7.55800E-01    5.09334E-01    3.99667E+02
    3.7120000000E+00    8.97977E+14    7.52149E-02    1.00000E+00    7.52149E-02    0.00000E+00    9.24785E-01    6.51139E-01    1.04264E+00    1.00639E-01    1.07003E+35    7.55800E-01    5.09380E-01    3.99450E+02
    3.7410000000E+00    8.96587E+14    7.51920E-02    1.00000E+00    7.51920E-02    0.00000E+00    9.24809E-01    6.51448E-01    1.04329E+00    1.02942E-01    1.06570E+35    7.55800E-01    5.09424E-01    3.99230E+02
    3.7700000000E+00    8.95197E+14    7.51692E-02    1.00000E+00    7.51692E-02    0.00000E+00    9.24833E-01    6.51756E-01    1.04393E+00    1.05245E-01    1.06137E+35    7.55800E-01    5.09468E-01    3.99010E+02
    3.7990000000E+00    8.93790E+14    7.51460E-02    1.00000E+00    7.51460E-02    0.00000E+00    9.24855E-01    6.52067E-01    1.04461E+00    1.07605E-01    1.05700E+35    7.55800E-01    5.09513E-01    3.98786E+02
    3.8280000000E+00    8.92375E+14    7.51226E-02    1.00000E+00    7.51226E-02    0.00000E+00    9.24875E-01    6.52379E-01    1.04530E+00    1.09987E-01    1.05262E+35    7.55800E-01    5.09558E-01    3.98560E+02
    3.8570000000E+00    8.90953E+14    7.50991E-02    1.00000E+00    7.50991E-02    0.00000E+00    9.24897E-01    6.52693E-01    1.04601E+00    1.12391E-01    1.04823E+35    7.55800E-01    5.09603E-01    3.98332E+02
    3.8860000000E+00    8.89510E+14    7.50752E-02    1.00000E+00    7.50752E-02    0.00000E+00    9.24922E-01    6.53016E-01    1.04672E+00    1.14848E-01    1.04382E+35    7.55800E-01    5.09649E-01    3.98097E+02
    3.9150000000E+00    8.88068E+14    7.50513E-02    1.00000E+00    7.50513E-02    0.00000E+00    9.24948E-01    6.53339E-01    1.04743E+00    1.17306E-01    1.03942E+35    7.55800E-01    5.09696E-01    3.97862E+02
    3.9440000000E+00    8.86600E+14    7.50269E-02    1.00000E+00    7.50269E-02    0.00000E+00    9.24973E-01    6.53665E-01    1.04812E+00    1.19839E-01    1.03493E+35    7.55800E-01    5.09743E-01    3.97627E+02
    3.9730000000E+00    8.85130E+14    7.50025E-02    1.00000E+00    7.50025E-02    0.00000E+00    9.24999E-01    6.53990E-01    1.04881E+00    1.22381E-01    1.03043E+35    7.55800E-01    5.09790E-01    3.97391E+02
    4.0020000000E+00    8.83635E+14    7.49782E-02    1.00000E+00    7.49782E-02    0.00000E+00    9.25023E-01    6.54318E-01    1.04953E+00    1.24963E-01    1.02590E+35    7.55800E-01    5.09838E-01    3.97152E+02
    4.0310000000E+00    8.82120E+14    7.49542E-02    1.00000E+00    7.49542E-02    0.00000E+00    9.25044E-01    6.54646E-01    1.05027E+00    1.27576E-01    1.02135E+35    7.55800E-01    5.09886E-01    3.96912E+02
    4.0600000000E+00    8.80601E+14    7.49301E-02    1.00000E+00    7.49301E-02    0.00000E+00    9.25068E-01    6.54977E-01    1.05101E+00    1.30211E-01    1.01679E+35    7.55800E-01    5.09935E-01    3.96670E+02
    4.0890000000E+00    8.79068E+14    7.49060E-02    1.00000E+00    7.49060E-02    0.00000E+00    9.25094E-01    6.55317E-01    1.05172E+00    1.32901E-01    1.01224E+35    7.55800E-01    5.09989E-01    3.96424E+02
    4.1180000000E+00    8.77534E+14    7.48818E-02    1.00000E+00    7.48818E-02    0.00000E+00    9.25121E-01    6.55657E-01    1.05244E+00    1.35594E-01    1.00767E+35    7.55800E-01    5.10042E-01    3.96178E+02
    4.1470000000E+00    8.75971E+14    7.48567E-02    1.00000E+00    7.48567E-02    0.00000E+00    9.25144E-01    6.55998E-01    1.05321E+00    1.38361E-01    1.00302E+35    7.55800E-01    5.10093E-01    3.95922E+02
    4.1760000000E+00    8.74407E+14    7.48316E-02    1.00000E+00    7.48316E-02    0.00000E+00    9.25167E-01    6.56340E-01    1.05399E+00    1.41128E-01    9.98367E+34    7.55800E-01    5.10143E-01    3.95667E+02
    4.2050000000E+00    8.72826E+14    7.48062E-02    1.00000E+00    7.48062E-02    0.00000E+00    9.25194E-01    6.56684E-01    1.05474E+00    1.43953E-01    9.93699E+34    7.55800E-01    5.10194E-01    3.95412E+02
    4.2340000000E+00    8.71241E+14    7.47806E-02    1.00000E+00    7.47806E-02    0.00000E+00    9.25222E-01    6.57028E-01    1.05548E+00    1.46787E-01    9.89028E+34    7.55800E-01    5.10245E-01    3.95156E+02
    4.2630000000E+00    8.69639E+14    7.47547E-02    1.00000E+00    7.47547E-02    0.00000E+00    9.25247E-01    6.57380E-01    1.05623E+00    1.49677E-01    9.84325E+34    7.55800E-01    5.10297E-01    3.94897E+02
    4.2920000000E+00    8.68028E+14    7.47287E-02    1.00000E+00    7.47287E-02    0.00000E+00    9.25270E-01    6.57735E-01    1.05699E+00    1.52589E-01    9.79609E+34    7.55800E-01    5.10349E-01    3.94637E+02
    4.3210000000E+00    8.66406E+14    7.47026E-02    1.00000E+00    7.47026E-02    0.00000E+00    9.25297E-01    6.58091E-01    1.05778E+00    1.55542E-01    9.74869E+34    7.55800E-01    5.10401E-01    3.94373E+02
    4.3500000000E+00    8.64776E+14    7.46766E-02    1.00000E+00    7.46766E-02    0.00000E+00    9.25326E-01    6.58448E-01    1.05860E+00    1.58523E-01    9.70113E+34    7.55800E-01    5.10454E-01    3.94108E+02
    4.3790000000E+00    8.63130E+14    7.46500E-02    1.00000E+00    7.46500E-02    0.00000E+00    9.25353E-01    6.58808E-01    1.05941E+00    1.61542E-01    9.65340E+34    7.55800E-01    5.10508E-01    3.93840E+02
    4.4080000000E+00    8.61470E+14    7.46230E-02    1.00000E+00    7.46230E-02    0.00000E+00    9.25377E-01    6.59172E-01    1.06019E+00    1.64597E-01    9.60551E+34    7.55800E-01    5.10562E-01    3.93570E+02
    4.4370000000E+00    8.59803E+14    7.45958E-02    1.00000E+00    7.45958E-02    0.00000E+00    9.25404E-01    6.59536E-01    1.06099E+00    1.67685E-01    9.55744E+34    7.55800E-01    5.10619E-01    3.93298E+02
    4.4660000000E+00    8.58129E+14    7.45683E-02    1.00000E+00    7.45683E-02    0.00000E+00    9.25434E-01    6.59901E-01    1.06178E+00    1.70809E-01    9.50916E+34    7.55800E-01    5.10679E-01    3.93023E+02
    4.4950000000E+00    8.56441E+14    7.45405E-02    1.00000E+00    7.45405E-02    0.00000E+00    9.25462E-01    6.60269E-01    1.06259E+00    1.73963E-01    9.46072E+34    7.55800E-01    5.10739E-01    3.92745E+02
    4.5240000000E+00    8.54737E+14    7.45126E-02    1.00000E+00    7.45126E-02    0.00000E+00    9.25488E-01    6.60640E-01    1.06340E+00    1.77151E-01    9.41211E+34    7.55800E-01    5.10800E-01    3.92466E+02
    4.5530000000E+00    8.53025E+14    7.44846E-02    1.00000E+00    7.44846E-02    0.00000E+00    9.25516E-01    6.61014E-01    1.06423E+00    1.80378E-01    9.36335E+34    7.55800E-01    5.10862E-01    3.92184E+02
    4.5820000000E+00    8.51303E+14    7.44567E-02    1.00000E+00    7.44567E-02    0.00000E+00    9.25547E-01    6.61392E-01    1.06505E+00    1.83640E-01    9.31443E+34    7.55800E-01    5.10924E-01    3.91899E+02
    4.6110000000E+00    8.49568E+14    7.44282E-02    1.00000E+00    7.44282E-02    0.00000E+00    9.25575E-01    6.61770E-01    1.06586E+00    1.86940E-01    9.26532E+34    7.55800E-01    5.10987E-01    3.91612E+02
    4.6400000000E+00    8.47822E+14    7.43993E-02    1.00000E+00    7.43993E-02    0.00000E+00    9.25602E-01    6.62148E-01    1.06665E+00    1.90268E-01    9.21607E+34    7.55800E-01    5.11050E-01    3.91323E+02
    4.6690000000E+00    8.46062E+14    7.43701E-02    1.00000E+00    7.43701E-02    0.00000E+00    9.25628E-01    6.62531E-01    1.06748E+00    1.93638E-01    9.16661E+34    7.55800E-01    5.11113E-01    3.91035E+02
    4.6980000000E+00    8.44294E+14    7.43407E-02    1.00000E+00    7.43407E-02    0.00000E+00    9.25655E-01    6.62915E-01    1.06833E+00    1.97030E-01    9.11704E+34    7.55800E-01    5.11178E-01    3.90746E+02
    4.7270000000E+00    8.42512E+14    7.43110E-02    1.00000E+00    7.43110E-02    0.00000E+00    9.25686E-01    6.63305E-01    1.06920E+00    2.00474E-01    9.06728E+34    7.55800E-01    5.11242E-01    3.90450E+02
    4.7560000000E+00    8.40727E+14    7.42811E-02    1.00000E+00    7.42811E-02    0.00000E+00    9.25719E-01    6.63695E-01    1.07007E+00    2.03931E-01    9.01746E+34    7.55800E-01    5.11308E-01    3.90151E+02
    4.7850000000E+00    8.38920E+14    7.42514E-02    1.00000E+00    7.42514E-02    0.00000E+00    9.25747E-01    6.64087E-01    1.07090E+00    2.07450E-01    8.96744E+34    7.55800E-01    5.11368E-01    3.89854E+02
    4.8140000000E+00    8.37109E+14    7.42214E-02    1.00000E+00    7.42214E-02    0.00000E+00    9.25775E-01    6.64479E-01    1.07173E+00    2.10980E-01    8.91735E+34    7.55800E-01    5.11430E-01    3.89554E+02
    4.8430000000E+00    8.35280E+14    7.41907E-02    1.00000E+00    7.41907E-02    0.00000E+00    9.25809E-01    6.64876E-01    1.07263E+00    2.14560E-01    8.86700E+34    7.55800E-01    5.11497E-01    3.89247E+02
    4.8720000000E+00    8.33444E+14    7.41597E-02    1.00000E+00    7.41597E-02    0.00000E+00    9.25840E-01    6.65275E-01    1.07351E+00    2.18165E-01    8.81655E+34    7.55800E-01    5.11565E-01    3.88939E+02
    4.9010000000E+00    8.31599E+14    7.41285E-02    1.00000E+00    7.41285E-02    0.00000E+00    9.25869E-01    6.65679E-01    1.07436E+00    2.21811E-01    8.76595E+34    7.55800E-01    5.11633E-01    3.88633E+02
    4.9300000000E+00    8.29737E+14    7.40970E-02    1.00000E+00    7.40970E-02    0.00000E+00    9.25901E-01    6.66085E-01    1.07525E+00    2.25496E-01    8.71525E+34    7.55800E-01    5.11701E-01    3.88320E+02
    4.9590000000E+00    8.27864E+14    7.40653E-02    1.00000E+00    7.40653E-02    0.00000E+00    9.25935E-01    6.66495E-01    1.07617E+00    2.29207E-01    8.66448E+34    7.55800E-01    5.11771E-01    3.88003E+02
    4.9880000000E+00    8.25978E+14    7.40337E-02    1.00000E+00    7.40337E-02    0.00000E+00    9.25965E-01    6.66904E-01    1.07706E+00    2.32969E-01    8.61348E+34    7.55800E-01    5.11841E-01    3.87687E+02
    5.0170000000E+00    8.24098E+14    7.40064E-02    1.00000E+00    7.40064E-02    0.00000E+00    9.25991E-01    6.67314E-01    1.07794E+00    2.36748E-01    8.56242E+34    7.55800E-01    5.11908E-01    3.87379E+02
    5.0460000000E+00    8.22266E+14    7.40022E-02    1.00000E+00    7.40022E-02    0.00000E+00    9.25997E-01    6.67729E-01    1.07883E+00    2.40573E-01    8.51119E+34    7.55800E-01    5.11962E-01    3.87112E+02
    5.0750000000E+00    8.20427E+14    7.40000E-02    1.00000E+00    7.40000E-02    0.00000E+00    9.26000E-01    6.68144E-01    1.07972E+00    2.44429E-01    8.45987E+34    7.55800E-01    5.12018E-01    3.86846E+02
    5.1040000000E+00    8.18581E+14    7.40000E-02    1.00000E+00    7.40000E-02    0.00000E+00    9.26000E-01    6.68559E-01    1.08062E+00    2.48319E-01    8.40845E+34    7.55800E-01    5.12078E-01    3.86582E+02
    5.1330000000E+00    8.16724E+14    7.40000E-02    1.00000E+00    7.40000E-02    0.00000E+00    9.26000E-01    6.68978E-01    1.08154E+00    2.52254E-01    8.35685E+34    7.55800E-01    5.12134E-01    3.86319E+02
    5.1620000000E+00    8.14860E+14    7.40000E-02    1.00000E+00    7.40000E-02    0.00000E+00    9.26000E-01    6.69400E-01    1.08245E+00    2.56209E-01    8.30518E+34    7.55800E-01    5.12190E-01    3.86055E+02
    5.1910000000E+00    8.12975E+14    7.40000E-02    1.00000E+00    7.40000E-02    0.00000E+00    9.26000E-01    6.69827E-01    1.08338E+00    2.60214E-01    8.25338E+34    7.55800E-01    5.12252E-01    3.85783E+02
    5.2200000000E+00    8.11082E+14    7.40000E-02    1.00000E+00    7.40000E-02    0.00000E+00    9.26000E-01    6.70256E-01    1.08431E+00    2.64252E-01    8.20151E+34    7.55800E-01    5.12311E-01    3.85509E+02
    5.2490000000E+00    8.09184E+14    7.40000E-02    1.00000E+00    7.40000E-02    0.00000E+00    9.26000E-01    6.70689E-01    1.08525E+00    2.68318E-01    8.14958E+34    7.55800E-01    5.12367E-01    3.85234E+02
    5.2780000000E+00    8.07268E+14    7.40000E-02    1.00000E+00    7.40000E-02    0.00000E+00    9.26000E-01    6.71120E-01    1.08620E+00    2.72436E-01    8.09747E+34    7.55800E-01    5.12430E-01    3.84961E+02
    5.3070000000E+00    8.05344E+14    7.40000E-02    1.00000E+00    7.40000E-02    0.00000E+00    9.26000E-01    6.71554E-01    1.08716E+00    2.76576E-01    8.04528E+34    7.55800E-01    5.12492E-01    3.84684E+02
    5.3360000000E+00    8.03408E+14    7.40000E-02    1.00000E+00    7.40000E-02    0.00000E+00    9.26000E-01    6.71991E-01    1.08813E+00    2.80750E-01    7.99300E+34    7.55800E-01    5.12550E-01    3.84401E+02
    5.3650000000E+00    8.01457E+14    7.40000E-02    1.00000E+00    7.40000E-02    0.00000E+00    9.26000E-01    6.72433E-01    1.08905E+00    2.84968E-01    7.94058E+34    7.55800E-01    5.12613E-01    3.84120E+02
    5.3940000000E+00    7.99497E+14    7.40000E-02    1.00000E+00    7.40000E-02    0.00000E+00    9.26000E-01    6.72876E-01    1.08998E+00    2.89212E-01    7.88809E+34    7.55800E-01    5.12677E-01    3.83837E+02
    5.4230000000E+00    7.97524E+14    7.40000E-02    1.00000E+00    7.40000E-02    0.00000E+00    9.26000E-01    6.73318E-01    1.09097E+00    2.93494E-01    7.83550E+34    7.55800E-01    5.12736E-01    3.83547E+02
    5.4520000000E+00    7.95537E+14    7.40000E-02    1.00000E+00    7.40000E-02    0.00000E+00    9.26000E-01    6.73765E-01    1.09197E+00    2.97818E-01    7.78287E+34    7.55800E-01    5.12801E-01    3.83259E+02
    5.4810000000E+00    7.93543E+14    7.40000E-02    1.00000E+00    7.40000E-02    0.00000E+00    9.26000E-01    6.74212E-01    1.09296E+00    3.02169E-01    7.73017E+34    7.55800E-01    5.12867E-01    3.82969E+02
    5.5100000000E+00    7.91541E+14    7.40000E-02    1.00000E+00    7.40000E-02    0.00000E+00    9.26000E-01    6.74658E-01    1.09391E+00    3.06559E-01    7.67734E+34    7.55800E-01    5.12928E-01    3.82671E+02
    5.5390000000E+00    7.89519E+14    7.40000E-02    1.00000E+00    7.40000E-02    0.00000E+00    9.26000E-01    6.75115E-01    1.09486E+00    3.10987E-01    7.62442E+34    7.55800E-01    5.12989E-01    3.82376E+02
    5.5680000000E+00    7.87488E+14    7.40000E-02    1.00000E+00    7.40000E-02    0.00000E+00    9.26000E-01    6.75573E-01    1.09585E+00    3.15443E-01    7.57146E+34    7.55800E-01    5.13053E-01    3.82080E+02
    5.5970000000E+00    7.85451E+14    7.40000E-02    1.00000E+00    7.40000E-02    0.00000E+00    9.26000E-01    6.76030E-01    1.09689E+00    3.19934E-01    7.51844E+34    7.55800E-01    5.13122E-01    3.81782E+02
    5.6260000000E+00    7.83397E+14    7.40000E-02    1.00000E+00    7.40000E-02    0.00000E+00    9.26000E-01    6.76487E-01    1.09788E+00    3.24473E-01    7.46535E+34    7.55800E-01    5.13186E-01    3.81481E+02
    5.6550000000E+00    7.81334E+14    7.40000E-02    1.00000E+00    7.40000E-02    0.00000E+00    9.26000E-01    6.76948E-01    1.09886E+00    3.29040E-01    7.41219E+34    7.55800E-01    5.13253E-01    3.81178E+02
    5.6840000000E+00    7.79261E+14    7.40000E-02    1.00000E+00    7.40000E-02    0.00000E+00    9.26000E-01    6.77417E-01    1.09986E+00    3.33635E-01    7.35896E+34    7.55800E-01    5.13324E-01    3.80872E+02
    5.7130000000E+00    7.77171E+14    7.40000E-02    1.00000E+00    7.40000E-02    0.00000E+00    9.26000E-01    6.77883E-01    1.10086E+00    3.38274E-01    7.30568E+34    7.55800E-01    5.13388E-01    3.80556E+02
    5.7420000000E+00    7.75070E+14    7.40000E-02    1.00000E+00    7.40000E-02    0.00000E+00    9.26000E-01    6.78349E-01    1.10188E+00    3.42943E-01    7.25232E+34    7.55800E-01    5.13453E-01    3.80242E+02
    5.7710000000E+00    7.72959E+14    7.40000E-02    1.00000E+00    7.40000E-02    0.00000E+00    9.26000E-01    6.78817E-01    1.10290E+00    3.47644E-01    7.19893E+34    7.55800E-01    5.13521E-01    3.79929E+02
    5.8000000000E+00    7.70836E+14    7.40000E-02    1.00000E+00    7.40000E-02    0.00000E+00    9.26000E-01    6.79295E-01    1.10392E+00    3.52383E-01    7.14551E+34    7.55800E-01    5.13595E-01    3.79613E+02
    5.8290000000E+00    7.68697E+14    7.40000E-02    1.00000E+00    7.40000E-02    0.00000E+00    9.26000E-01    6.79771E-01    1.10496E+00    3.57158E-01    7.09202E+34    7.55800E-01    5.13662E-01    3.79294E+02
    5.8580000000E+00    7.66547E+14    7.39996E-02    1.00000E+00    7.39996E-02    0.00000E+00    9.26000E-01    6.80249E-01    1.10601E+00    3.61967E-01    7.03852E+34    7.55800E-01    5.13729E-01    3.78972E+02
    5.8870000000E+00    7.64391E+14    7.39901E-02    1.00000E+00    7.39901E-02    0.00000E+00    9.26009E-01    6.80730E-01    1.10705E+00    3.66808E-01    6.98499E+34    7.55800E-01    5.13801E-01    3.78633E+02
    5.9160000000E+00    7.62233E+14    7.39544E-02    1.00000E+00    7.39544E-02    0.00000E+00    9.26047E-01    6.81208E-01    1.10803E+00    3.71677E-01    6.93135E+34    7.55800E-01    5.13884E-01    3.78246E+02
    5.9450000000E+00    7.60053E+14    7.39176E-02    1.00000E+00    7.39176E-02    0.00000E+00    9.26086E-01    6.81692E-01    1.10910E+00    3.76590E-01    6.87774E+34    7.55800E-01    5.13976E-01    3.77854E+02
    5.9740000000E+00    7.57866E+14    7.38809E-02    1.00000E+00    7.38809E-02    0.00000E+00    9.26120E-01    6.82179E-01    1.11014E+00    3.81535E-01    6.82410E+34    7.55800E-01    5.14064E-01    3.77460E+02
    6.0030000000E+00    7.55669E+14    7.38443E-02    1.00000E+00    7.38443E-02    0.00000E+00    9.26153E-01    6.82670E-01    1.11118E+00    3.86512E-01    6.77041E+34    7.55800E-01    5.14150E-01    3.77062E+02
    6.0320000000E+00    7.53455E+14    7.38073E-02    1.00000E+00    7.38073E-02    0.00000E+00    9.26193E-01    6.83164E-01    1.11227E+00    3.91522E-01    6.71665E+34    7.55800E-01    5.14236E-01    3.76662E+02
    6.0610000000E+00    7.51234E+14    7.37693E-02    1.00000E+00    7.37693E-02    0.00000E+00    9.26232E-01    6.83656E-01    1.11330E+00    3.96567E-01    6.66295E+34    7.55800E-01    5.14323E-01    3.76257E+02
    6.0900000000E+00    7.48994E+14    7.37315E-02    1.00000E+00    7.37315E-02    0.00000E+00    9.26266E-01    6.84152E-01    1.11441E+00    4.01649E-01    6.60918E+34    7.55800E-01    5.14411E-01    3.75849E+02
    6.1190000000E+00    7.46745E+14    7.36936E-02    1.00000E+00    7.36936E-02    0.00000E+00    9.26303E-01    6.84648E-01    1.11549E+00    4.06760E-01    6.55539E+34    7.55800E-01    5.14500E-01    3.75438E+02
    6.1480000000E+00    7.44488E+14    7.36554E-02    1.00000E+00    7.36554E-02    0.00000E+00    9.26343E-01    6.85146E-01    1.11655E+00    4.11903E-01    6.50161E+34    7.55800E-01    5.14589E-01    3.75026E+02
    6.1770000000E+00    7.42219E+14    7.36168E-02    1.00000E+00    7.36168E-02    0.00000E+00    9.26384E-01    6.85653E-01    1.11761E+00    4.17079E-01    6.44783E+34    7.55800E-01    5.14680E-01    3.74616E+02
    6.2060000000E+00    7.39928E+14    7.35771E-02    1.00000E+00    7.35771E-02    0.00000E+00    9.26426E-01    6.86158E-01    1.11869E+00    4.22289E-01    6.39409E+34    7.55800E-01    5.14771E-01    3.74194E+02
    6.2350000000E+00    7.37632E+14    7.35378E-02    1.00000E+00    7.35378E-02    0.00000E+00    9.26460E-01    6.86667E-01    1.11977E+00    4.27538E-01    6.34029E+34    7.55800E-01    5.14862E-01    3.73768E+02
    6.2640000000E+00    7.35324E+14    7.34983E-02    1.00000E+00    7.34983E-02    0.00000E+00    9.26499E-01    6.87174E-01    1.12087E+00    4.32812E-01    6.28647E+34    7.55800E-01    5.14955E-01    3.73345E+02
    6.2930000000E+00    7.33004E+14    7.34580E-02    1.00000E+00    7.34580E-02    0.00000E+00    9.26542E-01    6.87683E-01    1.12197E+00    4.38117E-01    6.23266E+34    7.55800E-01    5.15048E-01    3.72917E+02
    6.3220000000E+00    7.30670E+14    7.34172E-02    1.00000E+00    7.34172E-02    0.00000E+00    9.26585E-01    6.88196E-01    1.12308E+00    4.43456E-01    6.17888E+34    7.55800E-01    5.15142E-01    3.72483E+02
    6.3510000000E+00    7.28319E+14    7.33767E-02    1.00000E+00    7.33767E-02    0.00000E+00    9.26626E-01    6.88712E-01    1.12419E+00    4.48827E-01    6.12509E+34    7.55800E-01    5.15237E-01    3.72051E+02
    6.3800000000E+00    7.25962E+14    7.33358E-02    1.00000E+00    7.33358E-02    0.00000E+00    9.26661E-01    6.89225E-01    1.12523E+00    4.54235E-01    6.07137E+34    7.55800E-01    5.15333E-01    3.71607E+02
    6.4090000000E+00    7.23592E+14    7.32946E-02    1.00000E+00    7.32946E-02    0.00000E+00    9.26705E-01    6.89752E-01    1.12637E+00    4.59668E-01    6.01765E+34    7.55800E-01    5.15429E-01    3.71169E+02
    6.4380000000E+00    7.21210E+14    7.32522E-02    1.00000E+00    7.32522E-02    0.00000E+00    9.26749E-01    6.90275E-01    1.12752E+00    4.65133E-01    5.96393E+34    7.55800E-01    5.15527E-01    3.70726E+02
    6.4670000000E+00    7.18815E+14    7.32100E-02    1.00000E+00    7.32100E-02    0.00000E+00    9.26787E-01    6.90795E-01    1.12862E+00    4.70636E-01    5.91023E+34    7.55800E-01    5.15625E-01    3.70279E+02
    6.4960000000E+00    7.16401E+14    7.31677E-02    1.00000E+00    7.31677E-02    0.00000E+00    9.26829E-01    6.91323E-01    1.12970E+00    4.76165E-01    5.85656E+34    7.55800E-01    5.15718E-01    3.69823E+02
    6.5250000000E+00    7.13978E+14    7.31245E-02    1.00000E+00    7.31245E-02    0.00000E+00    9.26874E-01    6.91854E-01    1.13084E+00    4.81727E-01    5.80291E+34    7.55800E-01    5.15814E-01    3.69365E+02
    6.5540000000E+00    7.11545E+14    7.30809E-02    1.00000E+00    7.30809E-02    0.00000E+00    9.26920E-01    6.92381E-01    1.13199E+00    4.87320E-01    5.74930E+34    7.55800E-01    5.15915E-01    3.68907E+02
    6.5830000000E+00    7.09101E+14    7.30375E-02    1.00000E+00    7.30375E-02    0.00000E+00    9.26963E-01    6.92911E-01    1.13310E+00    4.92939E-01    5.69573E+34    7.55800E-01    5.16016E-01    3.68445E+02
    6.6120000000E+00    7.06656E+14    7.29945E-02    1.00000E+00    7.29945E-02    0.00000E+00    9.27003E-01    6.93449E-01    1.13421E+00    4.98589E-01    5.64222E+34    7.55800E-01    5.16119E-01    3.67985E+02
    6.6410000000E+00    7.04238E+14    7.29534E-02    1.00000E+00    7.29534E-02    0.00000E+00    9.27048E-01    6.93985E-01    1.13534E+00    5.04270E-01    5.58877E+34    7.55800E-01    5.16220E-01    3.67532E+02
    6.6700000000E+00    7.01820E+14    7.29126E-02    1.00000E+00    7.29126E-02    0.00000E+00    9.27086E-01    6.94525E-01    1.13648E+00    5.09976E-01    5.53537E+34    7.55800E-01    5.16316E-01    3.67068E+02
    6.6990000000E+00    6.99382E+14    7.28714E-02    1.00000E+00    7.28714E-02    0.00000E+00    9.27125E-01    6.95069E-01    1.13763E+00    5.15722E-01    5.48196E+34    7.55800E-01    5.16421E-01    3.66608E+02
    6.7280000000E+00    6.96931E+14    7.28290E-02    1.00000E+00    7.28290E-02    0.00000E+00    9.27173E-01    6.95610E-01    1.13878E+00    5.21491E-01    5.42863E+34    7.55800E-01    5.16518E-01    3.66136E+02
    6.7570000000E+00    6.94469E+14    7.27871E-02    1.00000E+00    7.27871E-02    0.00000E+00    9.27212E-01    6.96155E-01    1.13995E+00    5.27293E-01    5.37530E+34    7.55800E-01    5.16624E-01    3.65668E+02
    6.7860000000E+00    6.91994E+14    7.27449E-02    1.00000E+00    7.27449E-02    0.00000E+00    9.27251E-01    6.96705E-01    1.14113E+00    5.33127E-01    5.32208E+34    7.55800E-01    5.16723E-01    3.65187E+02
    6.8150000000E+00    6.89506E+14    7.27022E-02    1.00000E+00    7.27022E-02    0.00000E+00    9.27301E-01    6.97250E-01    1.14222E+00    5.38983E-01    5.26887E+34    7.55800E-01    5.16832E-01    3.64712E+02
    6.8440000000E+00    6.87006E+14    7.26582E-02    1.00000E+00    7.26582E-02    0.00000E+00    9.27341E-01    6.97800E-01    1.14342E+00    5.44873E-01    5.21578E+34    7.55800E-01    5.16952E-01    3.64232E+02
    6.8730000000E+00    6.84484E+14    7.26149E-02    1.00000E+00    7.26149E-02    0.00000E+00    9.27381E-01    6.98355E-01    1.14453E+00    5.50785E-01    5.16272E+34    7.55800E-01    5.17083E-01    3.63747E+02
    6.9020000000E+00    6.81959E+14    7.25711E-02    1.00000E+00    7.25711E-02    0.00000E+00    9.27432E-01    6.98914E-01    1.14575E+00    5.56730E-01    5.10980E+34    7.55800E-01    5.17205E-01    3.63259E+02
    6.9310000000E+00    6.79413E+14    7.25268E-02    1.00000E+00    7.25268E-02    0.00000E+00    9.27473E-01    6.99469E-01    1.14688E+00    5.62707E-01    5.05683E+34    7.55800E-01    5.17329E-01    3.62765E+02
    6.9600000000E+00    6.76863E+14    7.24813E-02    1.00000E+00    7.24813E-02    0.00000E+00    9.27515E-01    7.00029E-01    1.14803E+00    5.68706E-01    5.00402E+34    7.55800E-01    5.17453E-01    3.62268E+02
    6.9890000000E+00    6.74291E+14    7.24363E-02    1.00000E+00    7.24363E-02    0.00000E+00    9.27566E-01    7.00592E-01    1.14927E+00    5.74728E-01    4.95127E+34    7.55800E-01    5.17579E-01    3.61766E+02
    7.0180000000E+00    6.71707E+14    7.23910E-02    1.00000E+00    7.23910E-02    0.00000E+00    9.27608E-01    7.01151E-01    1.15043E+00    5.80783E-01    4.89861E+34    7.55800E-01    5.17705E-01    3.61259E+02
    7.0470000000E+00    6.69110E+14    7.23449E-02    1.00000E+00    7.23449E-02    0.00000E+00    9.27654E-01    7.01716E-01    1.15160E+00    5.86868E-01    4.84610E+34    7.55800E-01    5.17833E-01    3.60750E+02
    7.0760000000E+00    6.66502E+14    7.22979E-02    1.00000E+00    7.22979E-02    0.00000E+00    9.27704E-01    7.02286E-01    1.15279E+00    5.92974E-01    4.79360E+34    7.55800E-01    5.17962E-01    3.60242E+02
    7.1050000000E+00    6.63881E+14    7.22513E-02    1.00000E+00    7.22513E-02    0.00000E+00    9.27747E-01    7.02856E-01    1.15398E+00    5.99106E-01    4.74120E+34    7.55800E-01    5.18092E-01    3.59721E+02
    7.1340000000E+00    6.61242E+14    7.22042E-02    1.00000E+00    7.22042E-02    0.00000E+00    9.27797E-01    7.03426E-01    1.15513E+00    6.05270E-01    4.68891E+34    7.55800E-01    5.18224E-01    3.59201E+02
    7.1630000000E+00    6.58592E+14    7.21561E-02    1.00000E+00    7.21561E-02    0.00000E+00    9.27845E-01    7.04000E-01    1.15630E+00    6.11454E-01    4.63669E+34    7.55800E-01    5.18356E-01    3.58675E+02
    7.1920000000E+00    6.55927E+14    7.21077E-02    1.00000E+00    7.21077E-02    0.00000E+00    9.27890E-01    7.04573E-01    1.15753E+00    6.17661E-01    4.58462E+34    7.55800E-01    5.18490E-01    3.58147E+02
    7.2210000000E+00    6.53246E+14    7.20594E-02    1.00000E+00    7.20594E-02    0.00000E+00    9.27944E-01    7.05155E-01    1.15868E+00    6.23900E-01    4.53264E+34    7.55800E-01    5.18625E-01    3.57619E+02
    7.2500000000E+00    6.50563E+14    7.20105E-02    1.00000E+00    7.20105E-02    0.00000E+00    9.27990E-01    7.05736E-01    1.15991E+00    6.30152E-01    4.48069E+34    7.55800E-01    5.18761E-01    3.57075E+02
    7.2790000000E+00    6.47832E+14    7.19636E-02    1.00000E+00    7.19636E-02    0.00000E+00    9.28036E-01    7.06311E-01    1.16106E+00    6.36445E-01    4.42899E+34    7.55800E-01    5.18899E-01    3.56535E+02
    7.3080000000E+00    6.45079E+14    7.19173E-02    1.00000E+00    7.19173E-02    0.00000E+00    9.28083E-01    7.06898E-01    1.16225E+00    6.42750E-01    4.37730E+34    7.55800E-01    5.19035E-01    3.55994E+02
    7.3370000000E+00    6.42319E+14    7.18706E-02    1.00000E+00    7.18706E-02    0.00000E+00    9.28129E-01    7.07483E-01    1.16349E+00    6.49082E-01    4.32578E+34    7.55800E-01    5.19168E-01    3.55452E+02
    7.3660000000E+00    6.39547E+14    7.18234E-02    1.00000E+00    7.18234E-02    0.00000E+00    9.28177E-01    7.08066E-01    1.16467E+00    6.55432E-01    4.27439E+34    7.55800E-01    5.19310E-01    3.54897E+02
    7.3950000000E+00    6.36749E+14    7.17758E-02    1.00000E+00    7.17758E-02    0.00000E+00    9.28224E-01    7.08658E-01    1.16586E+00    6.61809E-01    4.22310E+34    7.55800E-01    5.19453E-01    3.54346E+02
    7.4240000000E+00    6.33945E+14    7.17277E-02    1.00000E+00    7.17277E-02    0.00000E+00    9.28272E-01    7.09248E-01    1.16706E+00    6.68207E-01    4.17196E+34    7.55800E-01    5.19587E-01    3.53783E+02
    7.4530000000E+00    6.31128E+14    7.16791E-02    1.00000E+00    7.16791E-02    0.00000E+00    9.28321E-01    7.09841E-01    1.16827E+00    6.74626E-01    4.12096E+34    7.55800E-01    5.19733E-01    3.53225E+02
    7.4820000000E+00    6.28294E+14    7.16301E-02    1.00000E+00    7.16301E-02    0.00000E+00    9.28370E-01    7.10434E-01    1.16950E+00    6.81067E-01    4.07016E+34    7.55800E-01    5.19880E-01    3.52656E+02
    7.5110000000E+00    6.25448E+14    7.15806E-02    1.00000E+00    7.15806E-02    0.00000E+00    9.28419E-01    7.11033E-01    1.17066E+00    6.87524E-01    4.01941E+34    7.55800E-01    5.20021E-01    3.52082E+02
    7.5400000000E+00    6.22585E+14    7.15306E-02    1.00000E+00    7.15306E-02    0.00000E+00    9.28469E-01    7.11633E-01    1.17188E+00    6.94011E-01    3.96882E+34    7.55800E-01    5.20168E-01    3.51507E+02
    7.5690000000E+00    6.19706E+14    7.14801E-02    1.00000E+00    7.14801E-02    0.00000E+00    9.28520E-01    7.12226E-01    1.17305E+00    7.00509E-01    3.91841E+34    7.55800E-01    5.20317E-01    3.50924E+02
    7.5980000000E+00    6.16811E+14    7.14291E-02    1.00000E+00    7.14291E-02    0.00000E+00    9.28571E-01    7.12825E-01    1.17427E+00    7.07031E-01    3.86814E+34    7.55800E-01    5.20463E-01    3.50330E+02
    7.6270000000E+00    6.13903E+14    7.13777E-02    1.00000E+00    7.13777E-02    0.00000E+00    9.28622E-01    7.13430E-01    1.17551E+00    7.13569E-01    3.81803E+34    7.55800E-01    5.20609E-01    3.49738E+02
    7.6560000000E+00    6.10978E+14    7.13257E-02    1.00000E+00    7.13257E-02    0.00000E+00    9.28674E-01    7.14040E-01    1.17670E+00    7.20131E-01    3.76810E+34    7.55800E-01    5.20763E-01    3.49141E+02
    7.6850000000E+00    6.08041E+14    7.12732E-02    1.00000E+00    7.12732E-02    0.00000E+00    9.28727E-01    7.14644E-01    1.17788E+00    7.26711E-01    3.71833E+34    7.55800E-01    5.20916E-01    3.48546E+02
    7.7140000000E+00    6.05092E+14    7.12201E-02    1.00000E+00    7.12201E-02    0.00000E+00    9.28780E-01    7.15253E-01    1.17907E+00    7.33304E-01    3.66872E+34    7.55800E-01    5.21070E-01    3.47937E+02
    7.7430000000E+00    6.02121E+14    7.11666E-02    1.00000E+00    7.11666E-02    0.00000E+00    9.28833E-01    7.15859E-01    1.18028E+00    7.39919E-01    3.61928E+34    7.55800E-01    5.21220E-01    3.47322E+02
    7.7720000000E+00    5.99134E+14    7.11124E-02    1.00000E+00    7.11124E-02    0.00000E+00    9.28888E-01    7.16478E-01    1.18150E+00    7.46542E-01    3.57001E+34    7.55800E-01    5.21378E-01    3.46708E+02
    7.8010000000E+00    5.96137E+14    7.10578E-02    1.00000E+00    7.10578E-02    0.00000E+00    9.28942E-01    7.17092E-01    1.18272E+00    7.53193E-01    3.52095E+34    7.55800E-01    5.21537E-01    3.46088E+02
    7.8300000000E+00    5.93140E+14    7.09979E-02    1.00000E+00    7.09979E-02    0.00000E+00    9.29001E-01    7.17704E-01    1.18395E+00    7.59852E-01    3.47200E+34    7.55800E-01    5.21694E-01    3.45449E+02
    7.8590000000E+00    5.90221E+14    7.09032E-02    1.00000E+00    7.09032E-02    0.00000E+00    9.29096E-01    7.18326E-01    1.18512E+00    7.66532E-01    3.42333E+34    7.55800E-01    5.21870E-01    3.44759E+02
    7.8880000000E+00    5.87311E+14    7.08017E-02    1.00000E+00    7.08017E-02    0.00000E+00    9.29199E-01    7.18936E-01    1.18639E+00    7.73223E-01    3.37474E+34    7.55800E-01    5.22049E-01    3.44055E+02
    7.9170000000E+00    5.84378E+14    7.06991E-02    1.00000E+00    7.06991E-02    0.00000E+00    9.29299E-01    7.19559E-01    1.18757E+00    7.79939E-01    3.32639E+34    7.55800E-01    5.22224E-01    3.43346E+02
    7.9460000000E+00    5.81435E+14    7.05954E-02    1.00000E+00    7.05954E-02    0.00000E+00    9.29408E-01    7.20186E-01    1.18878E+00    7.86666E-01    3.27822E+34    7.55800E-01    5.22403E-01    3.42632E+02
    7.9750000000E+00    5.78468E+14    7.04906E-02    1.00000E+00    7.04906E-02    0.00000E+00    9.29512E-01    7.20804E-01    1.18995E+00    7.93405E-01    3.23022E+34    7.55800E-01    5.22587E-01    3.41908E+02
    8.0040000000E+00    5.75489E+14    7.03839E-02    1.00000E+00    7.03839E-02    0.00000E+00    9.29615E-01    7.21429E-01    1.19120E+00    8.00156E-01    3.18243E+34    7.55800E-01    5.22772E-01    3.41179E+02
    8.0330000000E+00    5.72497E+14    7.02766E-02    1.00000E+00    7.02766E-02    0.00000E+00    9.29722E-01    7.22053E-01    1.19242E+00    8.06924E-01    3.13484E+34    7.55800E-01    5.22955E-01    3.40445E+02
    8.0620000000E+00    5.69482E+14    7.01683E-02    1.00000E+00    7.01683E-02    0.00000E+00    9.29834E-01    7.22685E-01    1.19362E+00    8.13713E-01    3.08740E+34    7.55800E-01    5.23143E-01    3.39701E+02
    8.0910000000E+00    5.66447E+14    7.00588E-02    1.00000E+00    7.00588E-02    0.00000E+00    9.29941E-01    7.23314E-01    1.19481E+00    8.20508E-01    3.04022E+34    7.55800E-01    5.23335E-01    3.38946E+02
    8.1200000000E+00    5.63403E+14    6.99481E-02    1.00000E+00    6.99481E-02    0.00000E+00    9.30048E-01    7.23951E-01    1.19597E+00    8.27309E-01    2.99321E+34    7.55800E-01    5.23528E-01    3.38192E+02
    8.1490000000E+00    5.60337E+14    6.98361E-02    1.00000E+00    6.98361E-02    0.00000E+00    9.30167E-01    7.24579E-01    1.19721E+00    8.34128E-01    2.94646E+34    7.55800E-01    5.23716E-01    3.37430E+02
    8.1780000000E+00    5.57250E+14    6.97220E-02    1.00000E+00    6.97220E-02    0.00000E+00    9.30277E-01    7.25214E-01    1.19837E+00    8.40962E-01    2.89991E+34    7.55800E-01    5.23915E-01    3.36660E+02
    8.2070000000E+00    5.54147E+14    6.96074E-02    1.00000E+00    6.96074E-02    0.00000E+00    9.30389E-01    7.25850E-01    1.19959E+00    8.47805E-01    2.85350E+34    7.55800E-01    5.24112E-01    3.35880E+02
    8.2360000000E+00    5.51032E+14    6.94916E-02    1.00000E+00    6.94916E-02    0.00000E+00    9.30511E-01    7.26492E-01    1.20081E+00    8.54651E-01    2.80740E+34    7.55800E-01    5.24309E-01    3.35092E+02
    8.2650000000E+00    5.47891E+14    6.93744E-02    1.00000E+00    6.93744E-02    0.00000E+00    9.30625E-01    7.27127E-01    1.20195E+00    8.61511E-01    2.76149E+34    7.55800E-01    5.24536E-01    3.34303E+02
    8.2940000000E+00    5.44733E+14    6.92558E-02    1.00000E+00    6.92558E-02    0.00000E+00    9.30745E-01    7.27769E-01    1.20320E+00    8.68381E-01    2.71580E+34    7.55800E-01    5.24799E-01    3.33498E+02
    8.3230000000E+00    5.41555E+14    6.91358E-02    1.00000E+00    6.91358E-02    0.00000E+00    9.30867E-01    7.28407E-01    1.20437E+00    8.75261E-01    2.67035E+34    7.55800E-01    5.25056E-01    3.32692E+02
    8.3520000000E+00    5.38369E+14    6.90136E-02    1.00000E+00    6.90136E-02    0.00000E+00    9.30985E-01    7.29048E-01    1.20555E+00    8.82140E-01    2.62515E+34    7.55800E-01    5.25325E-01    3.31874E+02
    8.3810000000E+00    5.35154E+14    6.88997E-02    1.00000E+00    6.88997E-02    0.00000E+00    9.31099E-01    7.29696E-01    1.20674E+00    8.89034E-01    2.58017E+34    7.55800E-01    5.25583E-01    3.31055E+02
    8.4100000000E+00    5.31926E+14    6.87855E-02    1.00000E+00    6.87855E-02    0.00000E+00    9.31215E-01    7.30340E-01    1.20793E+00    8.95927E-01    2.53545E+34    7.55800E-01    5.25852E-01    3.30229E+02
    8.4390000000E+00    5.28679E+14    6.86695E-02    1.00000E+00    6.86695E-02    0.00000E+00    9.31328E-01    7.30986E-01    1.20907E+00    9.02834E-01    2.49094E+34    7.55800E-01    5.26124E-01    3.29398E+02
    8.4680000000E+00    5.25405E+14    6.85519E-02    1.00000E+00    6.85519E-02    0.00000E+00    9.31451E-01    7.31634E-01    1.21024E+00    9.09738E-01    2.44667E+34    7.55800E-01    5.26390E-01    3.28556E+02
    8.4970000000E+00    5.22123E+14    6.84335E-02    1.00000E+00    6.84335E-02    0.00000E+00    9.31567E-01    7.32288E-01    1.21141E+00    9.16654E-01    2.40269E+34    7.55800E-01    5.26668E-01    3.27704E+02
    8.5260000000E+00    5.18808E+14    6.83128E-02    1.00000E+00    6.83128E-02    0.00000E+00    9.31684E-01    7.32938E-01    1.21260E+00    9.23571E-01    2.35896E+34    7.55800E-01    5.26944E-01    3.26849E+02
    8.5550000000E+00    5.15480E+14    6.81916E-02    1.00000E+00    6.81916E-02    0.00000E+00    9.31810E-01    7.33590E-01    1.21372E+00    9.30491E-01    2.31548E+34    7.55800E-01    5.27226E-01    3.25979E+02
    8.5840000000E+00    5.12134E+14    6.80680E-02    1.00000E+00    6.80680E-02    0.00000E+00    9.31932E-01    7.34241E-01    1.21492E+00    9.37404E-01    2.27229E+34    7.55800E-01    5.27505E-01    3.25105E+02
    8.6130000000E+00    5.08762E+14    6.79436E-02    1.00000E+00    6.79436E-02    0.00000E+00    9.32055E-01    7.34900E-01    1.21605E+00    9.44327E-01    2.22934E+34    7.55800E-01    5.27797E-01    3.24220E+02
    8.6420000000E+00    5.05366E+14    6.78167E-02    1.00000E+00    6.78167E-02    0.00000E+00    9.32179E-01    7.35550E-01    1.21719E+00    9.51249E-01    2.18664E+34    7.55800E-01    5.28083E-01    3.23323E+02
    8.6710000000E+00    5.01961E+14    6.76891E-02    1.00000E+00    6.76891E-02    0.00000E+00    9.32313E-01    7.36207E-01    1.21835E+00    9.58177E-01    2.14423E+34    7.55800E-01    5.28373E-01    3.22415E+02
    8.7000000000E+00    4.98521E+14    6.75589E-02    1.00000E+00    6.75589E-02    0.00000E+00    9.32440E-01    7.36866E-01    1.21953E+00    9.65095E-01    2.10213E+34    7.55800E-01    5.28667E-01    3.21502E+02
    8.7290000000E+00    4.95065E+14    6.74272E-02    1.00000E+00    6.74272E-02    0.00000E+00    9.32572E-01    7.37530E-01    1.22065E+00    9.72016E-01    2.06031E+34    7.55800E-01    5.28965E-01    3.20572E+02
    8.7580000000E+00    4.91590E+14    6.72942E-02    1.00000E+00    6.72942E-02    0.00000E+00    9.32710E-01    7.38187E-01    1.22175E+00    9.78937E-01    2.01875E+34    7.55800E-01    5.29266E-01    3.19637E+02
    8.7870000000E+00    4.88083E+14    6.71589E-02    1.00000E+00    6.71589E-02    0.00000E+00    9.32842E-01    7.38849E-01    1.22287E+00    9.85849E-01    1.97746E+34    7.55800E-01    5.29572E-01    3.18696E+02
    8.8160000000E+00    4.84564E+14    6.70222E-02    1.00000E+00    6.70222E-02    0.00000E+00    9.32977E-01    7.39511E-01    1.22401E+00    9.92756E-01    1.93644E+34    7.55800E-01    5.29882E-01    3.17735E+02
    8.8450000000E+00    4.81021E+14    6.68953E-02    1.00000E+00    6.68953E-02    0.00000E+00    9.33105E-01    7.40172E-01    1.22516E+00    9.99667E-01    1.89583E+34    7.55800E-01    5.30187E-01    3.16790E+02
    8.8740000000E+00    4.77460E+14    6.67699E-02    1.00000E+00    6.67699E-02    0.00000E+00    9.33232E-01    7.40841E-01    1.22622E+00    1.00652E+00    1.85543E+34    7.55800E-01    5.30495E-01    3.15844E+02
    8.9030000000E+00    4.73874E+14    6.66427E-02    1.00000E+00    6.66427E-02    0.00000E+00    9.33362E-01    7.41508E-01    1.22740E+00    1.01341E+00    1.81529E+34    7.55800E-01    5.30807E-01    3.14886E+02
    8.9320000000E+00    4.70265E+14    6.65133E-02    1.00000E+00    6.65133E-02    0.00000E+00    9.33483E-01    7.42174E-01    1.22849E+00    1.02037E+00    1.77558E+34    7.55800E-01    5.31123E-01    3.13913E+02
    8.9610000000E+00    4.66626E+14    6.63817E-02    1.00000E+00    6.63817E-02    0.00000E+00    9.33616E-01    7.42839E-01    1.22954E+00    1.02725E+00    1.73608E+34    7.55800E-01    5.31434E-01    3.12931E+02
    8.9900000000E+00    4.62965E+14    6.62489E-02    1.00000E+00    6.62489E-02    0.00000E+00    9.33751E-01    7.43506E-01    1.23062E+00    1.03405E+00    1.69692E+34    7.55800E-01    5.31759E-01    3.11937E+02
    9.0190000000E+00    4.59284E+14    6.61141E-02    1.00000E+00    6.61141E-02    0.00000E+00    9.33888E-01    7.44179E-01    1.23167E+00    1.04090E+00    1.65806E+34    7.55800E-01    5.32080E-01    3.10931E+02
    9.0480000000E+00    4.55573E+14    6.59762E-02    1.00000E+00    6.59762E-02    0.00000E+00    9.34027E-01    7.44847E-01    1.23278E+00    1.04782E+00    1.61955E+34    7.55800E-01    5.32414E-01    3.09910E+02
    9.0770000000E+00    4.51831E+14    6.58372E-02    1.00000E+00    6.58372E-02    0.00000E+00    9.34159E-01    7.45517E-01    1.23382E+00    1.05465E+00    1.58137E+34    7.55800E-01    5.32743E-01    3.08882E+02
    9.1060000000E+00    4.48073E+14    6.56961E-02    1.00000E+00    6.56961E-02    0.00000E+00    9.34302E-01    7.46186E-01    1.23488E+00    1.06146E+00    1.54355E+34    7.55800E-01    5.33078E-01    3.07833E+02
    9.1350000000E+00    4.44281E+14    6.55521E-02    1.00000E+00    6.55521E-02    0.00000E+00    9.34448E-01    7.46861E-01    1.23595E+00    1.06827E+00    1.50600E+34    7.55800E-01    5.33425E-01    3.06778E+02
    9.1640000000E+00    4.40456E+14    6.54061E-02    1.00000E+00    6.54061E-02    0.00000E+00    9.34596E-01    7.47537E-01    1.23694E+00    1.07507E+00    1.46881E+34    7.55800E-01    5.33837E-01    3.05706E+02
    9.1930000000E+00    4.36608E+14    6.52581E-02    1.00000E+00    6.52581E-02    0.00000E+00    9.34747E-01    7.48204E-01    1.23800E+00    1.08184E+00    1.43197E+34    7.55800E-01    5.34264E-01    3.04618E+02
    9.2220000000E+00    4.32739E+14    6.51075E-02    1.00000E+00    6.51075E-02    0.00000E+00    9.34890E-01    7.48881E-01    1.23905E+00    1.08861E+00    1.39538E+34    7.55800E-01    5.34707E-01    3.03522E+02
    9.2510000000E+00    4.28856E+14    6.49394E-02    1.00000E+00    6.49394E-02    0.00000E+00    9.35060E-01    7.49555E-01    1.24000E+00    1.09535E+00    1.35924E+34    7.55800E-01    5.35155E-01    3.02382E+02
    9.2800000000E+00    4.25005E+14    6.47338E-02    1.00000E+00    6.47338E-02    0.00000E+00    9.35267E-01    7.50231E-01    1.24105E+00    1.10207E+00    1.32341E+34    7.55800E-01    5.35630E-01    3.01182E+02
    9.3090000000E+00    4.21121E+14    6.45246E-02    1.00000E+00    6.45246E-02    0.00000E+00    9.35475E-01    7.50907E-01    1.24202E+00    1.10876E+00    1.28791E+34    7.55800E-01    5.36122E-01    2.99959E+02
    9.3380000000E+00    4.17208E+14    6.43117E-02    1.00000E+00    6.43117E-02    0.00000E+00    9.35686E-01    7.51582E-01    1.24302E+00    1.11542E+00    1.25278E+34    7.55800E-01    5.36614E-01    2.98731E+02
    9.3670000000E+00    4.13261E+14    6.40944E-02    1.00000E+00    6.40944E-02    0.00000E+00    9.35906E-01    7.52258E-01    1.24397E+00    1.12208E+00    1.21805E+34    7.55800E-01    5.37108E-01    2.97470E+02
    9.3960000000E+00    4.09282E+14    6.38734E-02    1.00000E+00    6.38734E-02    0.00000E+00    9.36122E-01    7.52937E-01    1.24492E+00    1.12873E+00    1.18364E+34    7.55800E-01    5.37613E-01    2.96202E+02
    9.4250000000E+00    4.05272E+14    6.36487E-02    1.00000E+00    6.36487E-02    0.00000E+00    9.36353E-01    7.53616E-01    1.24589E+00    1.13536E+00    1.14958E+34    7.55800E-01    5.38132E-01    2.94911E+02
    9.4540000000E+00    4.01217E+14    6.34197E-02    1.00000E+00    6.34197E-02    0.00000E+00    9.36578E-01    7.54299E-01    1.24677E+00    1.14191E+00    1.11590E+34    7.55800E-01    5.38650E-01    2.93600E+02
    9.4830000000E+00    3.97133E+14    6.31864E-02    1.00000E+00    6.31864E-02    0.00000E+00    9.36815E-01    7.54977E-01    1.24776E+00    1.14847E+00    1.08258E+34    7.55800E-01    5.39178E-01    2.92266E+02
    9.5120000000E+00    3.93009E+14    6.29486E-02    1.00000E+00    6.29486E-02    0.00000E+00    9.37051E-01    7.55658E-01    1.24868E+00    1.15505E+00    1.04962E+34    7.55800E-01    5.39717E-01    2.90915E+02
    9.5410000000E+00    3.88855E+14    6.27060E-02    1.00000E+00    6.27060E-02    0.00000E+00    9.37290E-01    7.56332E-01    1.24951E+00    1.16154E+00    1.01707E+34    7.55800E-01    5.40267E-01    2.89546E+02
    9.5700000000E+00    3.84656E+14    6.24585E-02    1.00000E+00    6.24585E-02    0.00000E+00    9.37544E-01    7.57014E-01    1.25046E+00    1.16799E+00    9.84926E+33    7.55800E-01    5.40823E-01    2.88150E+02
    9.5990000000E+00    3.80415E+14    6.22059E-02    1.00000E+00    6.22059E-02    0.00000E+00    9.37793E-01    7.57694E-01    1.25133E+00    1.17447E+00    9.53143E+33    7.55800E-01    5.41383E-01    2.86726E+02
    9.6280000000E+00    3.76124E+14    6.19389E-02    1.00000E+00    6.19389E-02    0.00000E+00    9.38059E-01    7.58378E-01    1.25213E+00    1.18087E+00    9.21738E+33    7.55800E-01    5.41967E-01    2.85269E+02
    9.6570000000E+00    3.71730E+14    6.16282E-02    1.00000E+00    6.16282E-02    0.00000E+00    9.38372E-01    7.59053E-01    1.25299E+00    1.18724E+00    8.90750E+33    7.55800E-01    5.42588E-01    2.83716E+02
    9.6860000000E+00    3.67300E+14    6.13119E-02    1.00000E+00    6.13119E-02    0.00000E+00    9.38691E-01    7.59734E-01    1.25387E+00    1.19354E+00    8.60154E+33    7.55800E-01    5.43214E-01    2.82130E+02
    9.7150000000E+00    3.62816E+14    6.09875E-02    1.00000E+00    6.09875E-02    0.00000E+00    9.39010E-01    7.60414E-01    1.25469E+00    1.19989E+00    8.29976E+33    7.55800E-01    5.43859E-01    2.80522E+02
    9.7440000000E+00    3.58295E+14    6.06569E-02    1.00000E+00    6.06569E-02    0.00000E+00    9.39344E-01    7.61098E-01    1.25551E+00    1.20617E+00    8.00205E+33    7.55800E-01    5.44630E-01    2.78880E+02
    9.7730000000E+00    3.53729E+14    6.03176E-02    1.00000E+00    6.03176E-02    0.00000E+00    9.39686E-01    7.61779E-01    1.25625E+00    1.21237E+00    7.70864E+33    7.55800E-01    5.45441E-01    2.77210E+02
    9.8020000000E+00    3.49111E+14    5.99708E-02    1.00000E+00    5.99708E-02    0.00000E+00    9.40026E-01    7.62461E-01    1.25700E+00    1.21851E+00    7.41943E+33    7.55800E-01    5.46282E-01    2.75512E+02
    9.8310000000E+00    3.44446E+14    5.96157E-02    1.00000E+00    5.96157E-02    0.00000E+00    9.40384E-01    7.63137E-01    1.25777E+00    1.22470E+00    7.13444E+33    7.55800E-01    5.47132E-01    2.73772E+02
    9.8600000000E+00    3.39735E+14    5.92516E-02    1.00000E+00    5.92516E-02    0.00000E+00    9.40750E-01    7.63817E-01    1.25853E+00    1.23080E+00    6.85378E+33    7.55800E-01    5.47994E-01    2.72003E+02
    9.8890000000E+00    3.34967E+14    5.88786E-02    1.00000E+00    5.88786E-02    0.00000E+00    9.41126E-01    7.64497E-01    1.25924E+00    1.23679E+00    6.57747E+33    7.55800E-01    5.48877E-01    2.70196E+02
    9.9180000000E+00    3.30143E+14    5.84962E-02    1.00000E+00    5.84962E-02    0.00000E+00    9.41501E-01    7.65180E-01    1.25991E+00    1.24279E+00    6.30559E+33    7.55800E-01    5.49784E-01    2.68352E+02
    9.9470000000E+00    3.25263E+14    5.81027E-02    1.00000E+00    5.81027E-02    0.00000E+00    9.41896E-01    7.65856E-01    1.26058E+00    1.24869E+00    6.03814E+33    7.55800E-01    5.50705E-01    2.66471E+02
    9.9760000000E+00    3.20328E+14    5.76738E-02    1.00000E+00    5.76738E-02    0.00000E+00    9.42323E-01    7.66537E-01    1.26125E+00    1.25460E+00    5.77526E+33    7.55800E-01    5.51674E-01    2.64485E+02
    1.0005000000E+01    3.15324E+14    5.72239E-02    1.00000E+00    5.72239E-02    0.00000E+00    9.42775E-01    7.67223E-01    1.26195E+00    1.26038E+00    5.51693E+33    7.55823E-01    5.52675E-01    2.62442E+02
    1.0034000000E+01    3.10259E+14    5.67611E-02    1.00000E+00    5.67611E-02    0.00000E+00    9.43240E-01    7.67896E-01    1.26254E+00    1.26618E+00    5.26315E+33    7.55962E-01    5.53698E-01    2.60351E+02
    1.0063000000E+01    3.05125E+14    5.62846E-02    1.00000E+00    5.62846E-02    0.00000E+00    9.43718E-01    7.68576E-01    1.26312E+00    1.27182E+00    5.01408E+33    7.56096E-01    5.54750E-01    2.58199E+02
    1.0092000000E+01    2.99929E+14    5.57935E-02    1.00000E+00    5.57935E-02    0.00000E+00    9.44210E-01    7.69255E-01    1.26371E+00    1.27753E+00    4.76975E+33    7.56243E-01    5.55825E-01    2.56008E+02
    1.0121000000E+01    2.94654E+14    5.52868E-02    1.00000E+00    5.52868E-02    0.00000E+00    9.44710E-01    7.69928E-01    1.26432E+00    1.28302E+00    4.53014E+33    7.56568E-01    5.57103E-01    2.53751E+02
    1.0150000000E+01    2.89310E+14    5.47635E-02    1.00000E+00    5.47635E-02    0.00000E+00    9.45236E-01    7.70609E-01    1.26485E+00    1.28856E+00    4.29541E+33    7.57031E-01    5.58464E-01    2.51440E+02
    1.0179000000E+01    2.83885E+14    5.42226E-02    1.00000E+00    5.42226E-02    0.00000E+00    9.45778E-01    7.71286E-01    1.26530E+00    1.29398E+00    4.06550E+33    7.57510E-01    5.59861E-01    2.49060E+02
    1.0208000000E+01    2.78383E+14    5.36633E-02    1.00000E+00    5.36633E-02    0.00000E+00    9.46340E-01    7.71960E-01    1.26585E+00    1.29935E+00    3.84056E+33    7.58005E-01    5.61306E-01    2.46614E+02
    1.0237000000E+01    2.72793E+14    5.30830E-02    1.00000E+00    5.30830E-02    0.00000E+00    9.46912E-01    7.72636E-01    1.26630E+00    1.30459E+00    3.62057E+33    7.58732E-01    5.62791E-01    2.44091E+02
    1.0266000000E+01    2.66964E+14    5.23693E-02    1.00000E+00    5.23693E-02    0.00000E+00    9.47633E-01    7.73310E-01    1.26674E+00    1.30982E+00    3.40575E+33    7.59527E-01    5.64461E-01    2.41257E+02
    1.0295000000E+01    2.61009E+14    5.16099E-02    1.00000E+00    5.16099E-02    0.00000E+00    9.48392E-01    7.73979E-01    1.26716E+00    1.31494E+00    3.19622E+33    7.60342E-01    5.66206E-01    2.38284E+02
    1.0324000000E+01    2.54966E+14    5.08194E-02    1.00000E+00    5.08194E-02    0.00000E+00    9.49177E-01    7.74655E-01    1.26751E+00    1.32000E+00    2.99200E+33    7.61325E-01    5.68011E-01    2.35221E+02
    1.0353000000E+01    2.48820E+14    4.99971E-02    1.00000E+00    4.99971E-02    0.00000E+00    9.50002E-01    7.75323E-01    1.26789E+00    1.32495E+00    2.79312E+33    7.62439E-01    5.69919E-01    2.32051E+02
    1.0382000000E+01    2.42559E+14    4.91384E-02    1.00000E+00    4.91384E-02    0.00000E+00    9.50862E-01    7.75991E-01    1.26820E+00    1.32981E+00    2.59976E+33    7.63592E-01    5.72224E-01    2.28764E+02
    1.0411000000E+01    2.36188E+14    4.82409E-02    1.00000E+00    4.82409E-02    0.00000E+00    9.51760E-01    7.76663E-01    1.26850E+00    1.33455E+00    2.41199E+33    7.64855E-01    5.74623E-01    2.25349E+02
    1.0440000000E+01    2.29703E+14    4.73018E-02    1.00000E+00    4.73018E-02    0.00000E+00    9.52700E-01    7.77333E-01    1.26880E+00    1.33918E+00    2.22986E+33    7.66281E-01    5.77113E-01    2.21805E+02
    1.0469000000E+01    2.23077E+14    4.63152E-02    1.00000E+00    4.63152E-02    0.00000E+00    9.53686E-01    7.77994E-01    1.26900E+00    1.34368E+00    2.05338E+33    7.67768E-01    5.79707E-01    2.18120E+02
    1.0498000000E+01    2.16128E+14    4.54426E-02    1.00000E+00    4.54426E-02    0.00000E+00    9.54558E-01    7.78661E-01    1.26920E+00    1.34813E+00    1.88276E+33    7.69441E-01    5.82271E-01    2.14466E+02
    1.0527000000E+01    2.08953E+14    4.45999E-02    1.00000E+00    4.45999E-02    0.00000E+00    9.55400E-01    7.79323E-01    1.26940E+00    1.35245E+00    1.71817E+33    7.71376E-01    5.84889E-01    2.10744E+02
    1.0556000000E+01    2.01500E+14    4.37328E-02    1.00000E+00    4.37328E-02    0.00000E+00    9.56269E-01    7.79991E-01    1.26950E+00    1.35657E+00    1.55979E+33    7.73392E-01    5.88100E-01    2.06899E+02
    1.0585000000E+01    1.93625E+14    4.28696E-02    1.00000E+00    4.28696E-02    0.00000E+00    9.57129E-01    7.80648E-01    1.26960E+00    1.36066E+00    1.40799E+33    7.75606E-01    5.91380E-01    2.02977E+02
    1.0614000000E+01    1.85591E+14    4.19545E-02    1.00000E+00    4.19545E-02    0.00000E+00    9.58043E-01    7.81307E-01    1.26970E+00    1.36459E+00    1.26283E+33    7.78019E-01    5.94822E-01    1.98848E+02
    1.0643000000E+01    1.77447E+14    4.10177E-02    1.00000E+00    4.10177E-02    0.00000E+00    9.58980E-01    7.81965E-01    1.26970E+00    1.36832E+00    1.12438E+33    7.80697E-01    5.98499E-01    1.94446E+02
    1.0672000000E+01    1.69115E+14    4.00142E-02    1.00000E+00    4.00142E-02    0.00000E+00    9.59983E-01    7.82622E-01    1.26960E+00    1.37191E+00    9.92754E+32    7.83729E-01    6.02484E-01    1.89796E+02
    1.0701000000E+01    1.60136E+14    3.89834E-02    1.00000E+00    3.89834E-02    0.00000E+00    9.61018E-01    7.83273E-01    1.26960E+00    1.37538E+00    8.68240E+32    7.87119E-01    6.07398E-01    1.84780E+02
    1.0730000000E+01    1.50963E+14    3.78733E-02    1.00000E+00    3.78733E-02    0.00000E+00    9.62126E-01    7.83928E-01    1.26940E+00    1.37867E+00    7.51098E+32    7.90995E-01    6.12621E-01    1.79444E+02
    1.0759000000E+01    1.41252E+14    3.67020E-02    1.00000E+00    3.67020E-02    0.00000E+00    9.63300E-01    7.84576E-01    1.26929E+00    1.38173E+00    6.41443E+32    7.95414E-01    6.18344E-01    1.73594E+02
    1.0788000000E+01    1.30125E+14    3.51158E-02    6.87111E+01    5.92311E+00    4.55978E-02    9.23252E-01    7.85224E-01    1.26900E+00    1.38462E+00    5.40139E+32    8.22795E-01    6.67763E-01    1.66636E+02
    1.0817000000E+01    1.15878E+14    3.42666E-02    3.74415E+02    4.08729E+01    3.13892E-01    6.86108E-01    7.85869E-01    1.26870E+00    1.38726E+00    4.49281E+32    1.00000E+00    1.00000E+00    1.58710E+02
    1.0846000000E+01    1.02581E+14    3.34040E-02    3.04701E+02    3.85257E+01    2.64194E-01    7.35806E-01    7.86513E-01    1.26832E+00    1.38958E+00    3.68806E+32    1.00000E+00    1.00000E+00    1.51186E+02
    1.0875000000E+01    8.94157E+13    3.27779E-02    2.73031E+02    3.83722E+01    2.33223E-01    7.66777E-01    7.87152E-01    1.26790E+00    1.39167E+00    2.98297E+32    1.00000E+00    1.00000E+00    1.43609E+02
    1.0904000000E+01    7.68556E+13    3.23938E-02    2.55574E+02    3.89846E+01    2.12361E-01    7.87639E-01    7.87794E-01    1.26738E+00    1.39352E+00    2.37528E+32    1.00000E+00    1.00000E+00    1.36096E+02
    1.0933000000E+01    6.47991E+13    3.24868E-02    2.43977E+02    3.99073E+01    1.98608E-01    8.01392E-01    7.88426E-01    1.26677E+00    1.39503E+00    1.86061E+32    1.00000E+00    1.00000E+00    1.28698E+02
    1.0962000000E+01    5.36166E+13    3.26827E-02    2.35114E+02    4.08959E+01    1.87898E-01    8.12102E-01    7.89061E-01    1.26610E+00    1.39631E+00    1.43343E+32    1.00000E+00    1.00000E+00    1.21066E+02
    1.0991000000E+01    4.35349E+13    3.34871E-02    2.27119E+02    4.18188E+01    1.81871E-01    8.18129E-01    7.89686E-01    1.26540E+00    1.39740E+00    1.08495E+32    1.00000E+00    1.00000E+00    1.13939E+02
    1.1020000000E+01    3.47125E+13    3.45222E-02    2.19164E+02    4.26074E+01    1.77575E-01    8.22425E-01    7.90307E-01    1.26460E+00    1.39830E+00    8.06393E+31    1.00000E+00    1.00000E+00    1.06741E+02
    1.1049000000E+01    2.72786E+13    3.58517E-02    2.11034E+02    4.32330E+01    1.75000E-01    8.25000E-01    7.90933E-01    1.26380E+00    1.39900E+00    5.87168E+31    1.00000E+00    1.00000E+00    9.97134E+01
    1.1078000000E+01    2.10544E+13    3.77168E-02    2.02694E+02    4.36855E+01    1.75000E-01    8.25000E-01    7.91548E-01    1.26300E+00    1.39950E+00    4.17415E+31    1.00000E+00    1.00000E+00    9.31081E+01
    1.1107000000E+01    1.60179E+13    4.02068E-02    1.94468E+02    4.39682E+01    1.77827E-01    8.22173E-01    7.92164E-01    1.26210E+00    1.39990E+00    2.88052E+31    1.00000E+00    1.00000E+00    8.67824E+01
    1.1136000000E+01    1.18192E+13    4.35608E-02    1.86257E+02    4.41216E+01    1.83888E-01    8.16112E-01    7.92776E-01    1.26120E+00    1.40020E+00    1.91708E+31    1.00000E+00    1.00000E+00    8.05987E+01
    1.1165000000E+01    8.45689E+12    4.84678E-02    1.78309E+02    4.41600E+01    1.95704E-01    8.04296E-01    7.93384E-01    1.26030E+00    1.40050E+00    1.22051E+31    1.00000E+00    1.00000E+00    7.47111E+01
    1.1194000000E+01    5.79109E+12    5.56726E-02    1.70573E+02    4.41025E+01    2.15322E-01    7.84678E-01    7.93992E-01    1.25940E+00    1.40060E+00    7.35029E+30    1.00000E+00    1.00000E+00    6.89816E+01
    1.1223000000E+01    3.70337E+12    6.82248E-02    1.63257E+02    4.39667E+01    2.53335E-01    7.46665E-01    7.94588E-01    1.25850E+00    1.40070E+00    4.14576E+30    1.00000E+00    1.00000E+00    6.36077E+01
    1.1252000000E+01    2.14733E+12    9.08505E-02    1.56266E+02    4.37661E+01    3.24381E-01    6.75619E-01    7.95186E-01    1.25754E+00    1.40080E+00    2.19278E+30    1.00000E+00    1.00000E+00    5.83784E+01
    1.1281000000E+01    1.05089E+12    1.42396E-01    1.49580E+02    4.35034E+01    4.89623E-01    5.10377E-01    7.95787E-01    1.25660E+00    1.40080E+00    1.14552E+30    1.00000E+00    1.00000E+00    5.35210E+01
    1.1310000000E+01    4.16916E+11    2.72873E-01    1.43111E+02    4.31945E+01    9.04077E-01    9.59271E-02    7.96371E-01    1.25570E+00    1.40090E+00    6.81013E+29    1.00000E+00    1.00000E+00    4.87959E+01
    1.1339000000E+01    2.72624E+11    3.26321E-01    1.21717E+02    3.97197E+01    1.00000E+00    0.00000E+00    7.96960E-01    1.25480E+00    1.40090E+00    4.63864E+29    1.00000E+00    1.00000E+00    4.49789E+01
    1.1368000000E+01    1.97034E+11    3.33138E-01    1.22965E+02    4.09641E+01    1.00000E+00    0.00000E+00    7.97541E-01    1.25380E+00    1.40090E+00    3.09068E+29    1.00000E+00    1.00000E+00    4.07127E+01
    1.1397000000E+01    1.32032E+11    3.58813E-01    7.79807E+01    2.79807E+01    1.00000E+00    0.00000E+00    7.98126E-01    1.25290E+00    1.40090E+00    2.02943E+29    1.00000E+00    1.00000E+00    3.64902E+01
    1.1426000000E+01    9.43907E+10    3.58970E-01    7.80000E+01    2.80000E+01    1.00000E+00    0.00000E+00    7.98698E-01    1.25200E+00    1.40090E+00    1.29585E+29    1.00000E+00    1.00000E+00    3.26291E+01
    1.1455000000E+01    6.47381E+10    3.58970E-01    7.80000E+01    2.80000E+01    1.00000E+00    0.00000E+00    7.99273E-01    1.25110E+00    1.40090E+00    7.85409E+28    1.00000E+00    1.00000E+00    2.87839E+01
    1.1484000000E+01    4.07030E+10    3.75000E-01    8.00000E+01    3.00000E+01    1.00000E+00    0.00000E+00    7.99846E-01    1.25024E+00    1.40090E+00    4.48258E+28    1.00000E+00    1.00000E+00    2.50518E+01
    1.1513000000E+01    2.53003E+10    3.77626E-01    8.03370E+01    3.03370E+01    1.00000E+00    0.00000E+00    8.00415E-01    1.24935E+00    1.40090E+00    2.39537E+28    1.00000E+00    1.00000E+00    2.14275E+01
    1.1542000000E+01    1.43626E+10    3.90240E-01    8.20000E+01    3.20000E+01    1.00000E+00    0.00000E+00    8.00976E-01    1.24850E+00    1.40090E+00    1.17656E+28    1.00000E+00    1.00000E+00    1.79395E+01
    1.1571000000E+01    7.44881E+09    3.97221E-01    8.29500E+01    3.29500E+01    1.00000E+00    0.00000E+00    8.01540E-01    1.24760E+00    1.40090E+00    5.00035E+27    1.00000E+00    1.00000E+00    1.45198E+01
    1.1600000000E+01    3.35560E+09    4.04760E-01    8.40000E+01    3.40000E+01    1.00000E+00    0.00000E+00    8.02090E-01    1.24670E+00    1.40090E+00    1.76522E+27    1.00000E+00    1.00000E+00    1.12218E+01
