    5.8000000000E-02    9.86630E+14    7.66370E-02    1.00000E+00    7.66370E-02    0.00000E+00    9.23360E-01    6.31570E-01    1.00000E+00    3.01120E-14    1.36580E+35
    1.1600000000E-01    9.86046E+14    7.66277E-02    1.00000E+00    7.66277E-02    0.00000E+00    9.23369E-01    6.31697E-01    1.00027E+00    1.44552E-04    1.36375E+35
    1.7400000000E-01    9.85754E+14    7.66231E-02    1.00000E+00    7.66231E-02    0.00000E+00    9.23373E-01    6.31761E-01    1.00040E+00    2.16828E-04    1.36272E+35
    2.3200000000E-01    9.85462E+14    7.66184E-02    1.00000E+00    7.66184E-02    0.00000E+00    9.23378E-01    6.31824E-01    1.00054E+00    2.89104E-04    1.36170E+35
    2.9000000000E-01    9.85171E+14    7.66138E-02    1.00000E+00    7.66138E-02    0.00000E+00    9.23382E-01    6.31888E-01    1.00067E+00    3.61380E-04    1.36067E+35
    3.4800000000E-01    9.84879E+14    7.66092E-02    1.00000E+00    7.66092E-02    0.00000E+00    9.23387E-01    6.31952E-01    1.00081E+00    4.33656E-04    1.35965E+35
    4.0600000000E-01    9.84587E+14    7.66045E-02    1.00000E+00    7.66045E-02    0.00000E+00    9.23391E-01    6.32015E-01    1.00094E+00    5.05932E-04    1.35862E+35
    4.6400000000E-01    9.84295E+14    7.65999E-02    1.00000E+00    7.65999E-02    0.00000E+00    9.23396E-01    6.32079E-01    1.00108E+00    5.78208E-04    1.35760E+35
    5.2200000000E-01    9.84003E+14    7.65952E-02    1.00000E+00    7.65952E-02    0.00000E+00    9.23400E-01    6.32143E-01    1.00121E+00    6.50485E-04    1.35657E+35
    5.8000000000E-01    9.83711E+14    7.65906E-02    1.00000E+00    7.65906E-02    0.00000E+00    9.23405E-01    6.32206E-01    1.00135E+00    7.22761E-04    1.35555E+35
    6.3800000000E-01    9.83419E+14    7.65860E-02    1.00000E+00    7.65860E-02    0.00000E+00    9.23409E-01    6.32270E-01    1.00148E+00    7.95037E-04    1.35452E+35
    6.9600000000E-01    9.83127E+14    7.65813E-02    1.00000E+00    7.65813E-02    0.00000E+00    9.23414E-01    6.32333E-01    1.00162E+00    8.67313E-04    1.35350E+35
    7.5400000000E-01    9.82835E+14    7.65767E-02    1.00000E+00    7.65767E-02    0.00000E+00    9.23418E-01    6.32397E-01    1.00175E+00    9.39589E-04    1.35247E+35
    8.1200000000E-01    9.82279E+14    7.65678E-02    1.00000E+00    7.65678E-02    0.00000E+00    9.23428E-01    6.32518E-01    1.00202E+00    1.16854E-03    1.35051E+35
    8.7000000000E-01    9.81574E+14    7.65566E-02    1.00000E+00    7.65566E-02    0.00000E+00    9.23441E-01    6.32673E-01    1.00236E+00    1.48600E-03    1.34803E+35
    9.2800000000E-01    9.80868E+14    7.65453E-02    1.00000E+00    7.65453E-02    0.00000E+00    9.23453E-01    6.32827E-01    1.00271E+00    1.80346E-03    1.34554E+35
    9.8600000000E-01    9.80163E+14    7.65341E-02    1.00000E+00    7.65341E-02    0.00000E+00    9.23466E-01    6.32981E-01    1.00305E+00    2.12093E-03    1.34306E+35
    1.0440000000E+00    9.79458E+14    7.65228E-02    1.00000E+00    7.65228E-02    0.00000E+00    9.23479E-01    6.33135E-01    1.00340E+00    2.43839E-03    1.34057E+35
    1.1020000000E+00    9.78726E+14    7.65112E-02    1.00000E+00    7.65112E-02    0.00000E+00    9.23492E-01    6.33295E-01    1.00375E+00    2.78265E-03    1.33800E+35
    1.1600000000E+00    9.77808E+14    7.64967E-02    1.00000E+00    7.64967E-02    0.00000E+00    9.23506E-01    6.33497E-01    1.00418E+00    3.31524E-03    1.33480E+35
    1.2180000000E+00    9.76891E+14    7.64823E-02    1.00000E+00    7.64823E-02    0.00000E+00    9.23520E-01    6.33698E-01    1.00461E+00    3.84784E-03    1.33160E+35
    1.2760000000E+00    9.75973E+14    7.64678E-02    1.00000E+00    7.64678E-02    0.00000E+00    9.23534E-01    6.33900E-01    1.00503E+00    4.38043E-03    1.32840E+35
    1.3340000000E+00    9.75056E+14    7.64533E-02    1.00000E+00    7.64533E-02    0.00000E+00    9.23549E-01    6.34101E-01    1.00546E+00    4.91302E-03    1.32520E+35
    1.3920000000E+00    9.73983E+14    7.64361E-02    1.00000E+00    7.64361E-02    0.00000E+00    9.23565E-01    6.34335E-01    1.00596E+00    5.63696E-03    1.32150E+35
    1.4500000000E+00    9.72894E+14    7.64186E-02    1.00000E+00    7.64186E-02    0.00000E+00    9.23582E-01    6.34572E-01    1.00647E+00    6.38059E-03    1.31775E+35
    1.5080000000E+00    9.71805E+14    7.64012E-02    1.00000E+00    7.64012E-02    0.00000E+00    9.23599E-01    6.34809E-01    1.00698E+00    7.12421E-03    1.31399E+35
    1.5660000000E+00    9.70662E+14    7.63829E-02    1.00000E+00    7.63829E-02    0.00000E+00    9.23617E-01    6.35058E-01    1.00752E+00    7.94320E-03    1.31006E+35
    1.6240000000E+00    9.69425E+14    7.63633E-02    1.00000E+00    7.63633E-02    0.00000E+00    9.23636E-01    6.35328E-01    1.00813E+00    8.89488E-03    1.30582E+35
    1.6820000000E+00    9.68188E+14    7.63437E-02    1.00000E+00    7.63437E-02    0.00000E+00    9.23656E-01    6.35597E-01    1.00874E+00    9.84657E-03    1.30158E+35
    1.7400000000E+00    9.66921E+14    7.63235E-02    1.00000E+00    7.63235E-02    0.00000E+00    9.23675E-01    6.35874E-01    1.00936E+00    1.08494E-02    1.29724E+35
    1.7980000000E+00    9.65559E+14    7.63014E-02    1.00000E+00    7.63014E-02    0.00000E+00    9.23697E-01    6.36170E-01    1.01000E+00    1.20061E-02    1.29257E+35
    1.8560000000E+00    9.64197E+14    7.62793E-02    1.00000E+00    7.62793E-02    0.00000E+00    9.23718E-01    6.36465E-01    1.01064E+00    1.31628E-02    1.28790E+35
    1.9140000000E+00    9.62781E+14    7.62565E-02    1.00000E+00    7.62565E-02    0.00000E+00    9.23740E-01    6.36773E-01    1.01131E+00    1.44097E-02    1.28306E+35
    1.9720000000E+00    9.61295E+14    7.62327E-02    1.00000E+00    7.62327E-02    0.00000E+00    9.23764E-01    6.37096E-01    1.01201E+00    1.57695E-02    1.27800E+35
    2.0300000000E+00    9.59810E+14    7.62090E-02    1.00000E+00    7.62090E-02    0.00000E+00    9.23787E-01    6.37419E-01    1.01271E+00    1.71294E-02    1.27295E+35
    2.0880000000E+00    9.58231E+14    7.61833E-02    1.00000E+00    7.61833E-02    0.00000E+00    9.23816E-01    6.37763E-01    1.01346E+00    1.86633E-02    1.26762E+35
    2.1460000000E+00    9.56638E+14    7.61573E-02    1.00000E+00    7.61573E-02    0.00000E+00    9.23845E-01    6.38111E-01    1.01421E+00    2.02228E-02    1.26226E+35
    2.2040000000E+00    9.54997E+14    7.61305E-02    1.00000E+00    7.61305E-02    0.00000E+00    9.23873E-01    6.38468E-01    1.01499E+00    2.18784E-02    1.25674E+35
    2.2620000000E+00    9.53305E+14    7.61028E-02    1.00000E+00    7.61028E-02    0.00000E+00    9.23900E-01    6.38836E-01    1.01580E+00    2.36354E-02    1.25105E+35
    2.3200000000E+00    9.51588E+14    7.60747E-02    1.00000E+00    7.60747E-02    0.00000E+00    9.23927E-01    6.39208E-01    1.01662E+00    2.54417E-02    1.24529E+35
    2.3780000000E+00    9.49798E+14    7.60457E-02    1.00000E+00    7.60457E-02    0.00000E+00    9.23956E-01    6.39598E-01    1.01747E+00    2.73940E-02    1.23931E+35
    2.4360000000E+00    9.48000E+14    7.60167E-02    1.00000E+00    7.60167E-02    0.00000E+00    9.23984E-01    6.39990E-01    1.01832E+00    2.93745E-02    1.23329E+35
    2.4940000000E+00    9.46152E+14    7.59871E-02    1.00000E+00    7.59871E-02    0.00000E+00    9.24014E-01    6.40401E-01    1.01918E+00    3.15193E-02    1.22708E+35
    2.5520000000E+00    9.44294E+14    7.59575E-02    1.00000E+00    7.59575E-02    0.00000E+00    9.24044E-01    6.40814E-01    1.02004E+00    3.36926E-02    1.22083E+35
    2.6100000000E+00    9.42380E+14    7.59276E-02    1.00000E+00    7.59276E-02    0.00000E+00    9.24070E-01    6.41246E-01    1.02099E+00    3.60283E-02    1.21437E+35
    2.6680000000E+00    9.40446E+14    7.58972E-02    1.00000E+00    7.58972E-02    0.00000E+00    9.24098E-01    6.41680E-01    1.02194E+00    3.84105E-02    1.20784E+35
    2.7260000000E+00    9.38449E+14    7.58659E-02    1.00000E+00    7.58659E-02    0.00000E+00    9.24131E-01    6.42126E-01    1.02294E+00    4.09340E-02    1.20113E+35
    2.7840000000E+00    9.36419E+14    7.58340E-02    1.00000E+00    7.58340E-02    0.00000E+00    9.24165E-01    6.42577E-01    1.02392E+00    4.35372E-02    1.19432E+35
    2.8420000000E+00    9.34343E+14    7.58013E-02    1.00000E+00    7.58013E-02    0.00000E+00    9.24199E-01    6.43036E-01    1.02489E+00    4.62463E-02    1.18738E+35
    2.9000000000E+00    9.32218E+14    7.57677E-02    1.00000E+00    7.57677E-02    0.00000E+00    9.24235E-01    6.43511E-01    1.02594E+00    4.90813E-02    1.18033E+35
    2.9580000000E+00    9.30071E+14    7.57337E-02    1.00000E+00    7.57337E-02    0.00000E+00    9.24270E-01    6.43994E-01    1.02701E+00    5.19756E-02    1.17324E+35
    3.0160000000E+00    9.27850E+14    7.56984E-02    1.00000E+00    7.56984E-02    0.00000E+00    9.24301E-01    6.44489E-01    1.02806E+00    5.50492E-02    1.16588E+35
    3.0740000000E+00    9.25604E+14    7.56627E-02    1.00000E+00    7.56627E-02    0.00000E+00    9.24335E-01    6.44988E-01    1.02915E+00    5.81931E-02    1.15846E+35
    3.1320000000E+00    9.23318E+14    7.56262E-02    1.00000E+00    7.56262E-02    0.00000E+00    9.24373E-01    6.45494E-01    1.03030E+00    6.14459E-02    1.15097E+35
    3.1900000000E+00    9.20969E+14    7.55887E-02    1.00000E+00    7.55887E-02    0.00000E+00    9.24413E-01    6.46019E-01    1.03143E+00    6.48457E-02    1.14333E+35
    3.2480000000E+00    9.18590E+14    7.55506E-02    1.00000E+00    7.55506E-02    0.00000E+00    9.24451E-01    6.46552E-01    1.03257E+00    6.83309E-02    1.13562E+35
    3.3060000000E+00    9.16174E+14    7.55117E-02    1.00000E+00    7.55117E-02    0.00000E+00    9.24485E-01    6.47091E-01    1.03373E+00    7.19344E-02    1.12784E+35
    3.3640000000E+00    9.13696E+14    7.54712E-02    1.00000E+00    7.54712E-02    0.00000E+00    9.24526E-01    6.47638E-01    1.03498E+00    7.56851E-02    1.11986E+35
    3.4220000000E+00    9.11182E+14    7.54302E-02    1.00000E+00    7.54302E-02    0.00000E+00    9.24569E-01    6.48196E-01    1.03623E+00    7.95345E-02    1.11181E+35
    3.4800000000E+00    9.08634E+14    7.53890E-02    1.00000E+00    7.53890E-02    0.00000E+00    9.24612E-01    6.48768E-01    1.03746E+00    8.34890E-02    1.10370E+35
    3.5380000000E+00    9.06034E+14    7.53466E-02    1.00000E+00    7.53466E-02    0.00000E+00    9.24657E-01    6.49348E-01    1.03872E+00    8.76025E-02    1.09538E+35
    3.5960000000E+00    9.03385E+14    7.53035E-02    1.00000E+00    7.53035E-02    0.00000E+00    9.24697E-01    6.49938E-01    1.04001E+00    9.18325E-02    1.08701E+35
    3.6540000000E+00    9.00698E+14    7.52596E-02    1.00000E+00    7.52596E-02    0.00000E+00    9.24738E-01    6.50536E-01    1.04132E+00    9.61762E-02    1.07856E+35
    3.7120000000E+00    8.97977E+14    7.52149E-02    1.00000E+00    7.52149E-02    0.00000E+00    9.24785E-01    6.51139E-01    1.04264E+00    1.00639E-01    1.07003E+35
    3.7700000000E+00    8.95197E+14    7.51692E-02    1.00000E+00    7.51692E-02    0.00000E+00    9.24833E-01    6.51756E-01    1.04393E+00    1.05245E-01    1.06137E+35
    3.8280000000E+00    8.92375E+14    7.51226E-02    1.00000E+00    7.51226E-02    0.00000E+00    9.24875E-01    6.52379E-01    1.04530E+00    1.09987E-01    1.05262E+35
    3.8860000000E+00    8.89510E+14    7.50752E-02    1.00000E+00    7.50752E-02    0.00000E+00    9.24922E-01    6.53016E-01    1.04672E+00    1.14848E-01    1.04382E+35
    3.9440000000E+00    8.86600E+14    7.50269E-02    1.00000E+00    7.50269E-02    0.00000E+00    9.24973E-01    6.53665E-01    1.04812E+00    1.19839E-01    1.03493E+35
    4.0020000000E+00    8.83635E+14    7.49782E-02    1.00000E+00    7.49782E-02    0.00000E+00    9.25023E-01    6.54318E-01    1.04953E+00    1.24963E-01    1.02590E+35
    4.0600000000E+00    8.80601E+14    7.49301E-02    1.00000E+00    7.49301E-02    0.00000E+00    9.25068E-01    6.54977E-01    1.05101E+00    1.30211E-01    1.01679E+35
    4.1180000000E+00    8.77534E+14    7.48818E-02    1.00000E+00    7.48818E-02    0.00000E+00    9.25121E-01    6.55657E-01    1.05244E+00    1.35594E-01    1.00767E+35
    4.1760000000E+00    8.74407E+14    7.48316E-02    1.00000E+00    7.48316E-02    0.00000E+00    9.25167E-01    6.56340E-01    1.05399E+00    1.41128E-01    9.98367E+34
    4.2340000000E+00    8.71241E+14    7.47806E-02    1.00000E+00    7.47806E-02    0.00000E+00    9.25222E-01    6.57028E-01    1.05548E+00    1.46787E-01    9.89028E+34
    4.2920000000E+00    8.68028E+14    7.47287E-02    1.00000E+00    7.47287E-02    0.00000E+00    9.25270E-01    6.57735E-01    1.05699E+00    1.52589E-01    9.79609E+34
    4.3500000000E+00    8.64776E+14    7.46766E-02    1.00000E+00    7.46766E-02    0.00000E+00    9.25326E-01    6.58448E-01    1.05860E+00    1.58523E-01    9.70113E+34
    4.4080000000E+00    8.61470E+14    7.46230E-02    1.00000E+00    7.46230E-02    0.00000E+00    9.25377E-01    6.59172E-01    1.06019E+00    1.64597E-01    9.60551E+34
    4.4660000000E+00    8.58129E+14    7.45683E-02    1.00000E+00    7.45683E-02    0.00000E+00    9.25434E-01    6.59901E-01    1.06178E+00    1.70809E-01    9.50916E+34
    4.5240000000E+00    8.54737E+14    7.45126E-02    1.00000E+00    7.45126E-02    0.00000E+00    9.25488E-01    6.60640E-01    1.06340E+00    1.77151E-01    9.41211E+34
    4.5820000000E+00    8.51303E+14    7.44567E-02    1.00000E+00    7.44567E-02    0.00000E+00    9.25547E-01    6.61392E-01    1.06505E+00    1.83640E-01    9.31443E+34
    4.6400000000E+00    8.47822E+14    7.43993E-02    1.00000E+00    7.43993E-02    0.00000E+00    9.25602E-01    6.62148E-01    1.06665E+00    1.90268E-01    9.21607E+34
    4.6980000000E+00    8.44294E+14    7.43407E-02    1.00000E+00    7.43407E-02    0.00000E+00    9.25655E-01    6.62915E-01    1.06833E+00    1.97030E-01    9.11704E+34
    4.7560000000E+00    8.40727E+14    7.42811E-02    1.00000E+00    7.42811E-02    0.00000E+00    9.25719E-01    6.63695E-01    1.07007E+00    2.03931E-01    9.01746E+34
    4.8140000000E+00    8.37109E+14    7.42214E-02    1.00000E+00    7.42214E-02    0.00000E+00    9.25775E-01    6.64479E-01    1.07173E+00    2.10980E-01    8.91735E+34
    4.8720000000E+00    8.33444E+14    7.41597E-02    1.00000E+00    7.41597E-02    0.00000E+00    9.25840E-01    6.65275E-01    1.07351E+00    2.18165E-01    8.81655E+34
    4.9300000000E+00    8.29737E+14    7.40970E-02    1.00000E+00    7.40970E-02    0.00000E+00    9.25901E-01    6.66085E-01    1.07525E+00    2.25496E-01    8.71525E+34
    4.9880000000E+00    8.25978E+14    7.40337E-02    1.00000E+00    7.40337E-02    0.00000E+00    9.25965E-01    6.66904E-01    1.07706E+00    2.32969E-01    8.61348E+34
    5.0460000000E+00    8.22266E+14    7.40022E-02    1.00000E+00    7.40022E-02    0.00000E+00    9.25997E-01    6.67729E-01    1.07883E+00    2.40573E-01    8.51119E+34
    5.1040000000E+00    8.18581E+14    7.40000E-02    1.00000E+00    7.40000E-02    0.00000E+00    9.26000E-01    6.68559E-01    1.08062E+00    2.48319E-01    8.40845E+34
    5.1620000000E+00    8.14860E+14    7.40000E-02    1.00000E+00    7.40000E-02    0.00000E+00    9.26000E-01    6.69400E-01    1.08245E+00    2.56209E-01    8.30518E+34
    5.2200000000E+00    8.11082E+14    7.40000E-02    1.00000E+00    7.40000E-02    0.00000E+00    9.26000E-01    6.70256E-01    1.08431E+00    2.64252E-01    8.20151E+34
    5.2780000000E+00    8.07268E+14    7.40000E-02    1.00000E+00    7.40000E-02    0.00000E+00    9.26000E-01    6.71120E-01    1.08620E+00    2.72436E-01    8.09747E+34
    5.3360000000E+00    8.03408E+14    7.40000E-02    1.00000E+00    7.40000E-02    0.00000E+00    9.26000E-01    6.71991E-01    1.08813E+00    2.80750E-01    7.99300E+34
    5.3940000000E+00    7.99497E+14    7.40000E-02    1.00000E+00    7.40000E-02    0.00000E+00    9.26000E-01    6.72876E-01    1.08998E+00    2.89212E-01    7.88809E+34
    5.4520000000E+00    7.95537E+14    7.40000E-02    1.00000E+00    7.40000E-02    0.00000E+00    9.26000E-01    6.73765E-01    1.09197E+00    2.97818E-01    7.78287E+34
    5.5100000000E+00    7.91541E+14    7.40000E-02    1.00000E+00    7.40000E-02    0.00000E+00    9.26000E-01    6.74658E-01    1.09391E+00    3.06559E-01    7.67734E+34
    5.5680000000E+00    7.87488E+14    7.40000E-02    1.00000E+00    7.40000E-02    0.00000E+00    9.26000E-01    6.75573E-01    1.09585E+00    3.15443E-01    7.57146E+34
    5.6260000000E+00    7.83397E+14    7.40000E-02    1.00000E+00    7.40000E-02    0.00000E+00    9.26000E-01    6.76487E-01    1.09788E+00    3.24473E-01    7.46535E+34
    5.6840000000E+00    7.79261E+14    7.40000E-02    1.00000E+00    7.40000E-02    0.00000E+00    9.26000E-01    6.77417E-01    1.09986E+00    3.33635E-01    7.35896E+34
    5.7420000000E+00    7.75070E+14    7.40000E-02    1.00000E+00    7.40000E-02    0.00000E+00    9.26000E-01    6.78349E-01    1.10188E+00    3.42943E-01    7.25232E+34
    5.8000000000E+00    7.70836E+14    7.40000E-02    1.00000E+00    7.40000E-02    0.00000E+00    9.26000E-01    6.79295E-01    1.10392E+00    3.52383E-01    7.14551E+34
    5.8580000000E+00    7.66547E+14    7.39996E-02    1.00000E+00    7.39996E-02    0.00000E+00    9.26000E-01    6.80249E-01    1.10601E+00    3.61967E-01    7.03852E+34
    5.9160000000E+00    7.62233E+14    7.39544E-02    1.00000E+00    7.39544E-02    0.00000E+00    9.26047E-01    6.81208E-01    1.10803E+00    3.71677E-01    6.93135E+34
    5.9740000000E+00    7.57866E+14    7.38809E-02    1.00000E+00    7.38809E-02    0.00000E+00    9.26120E-01    6.82179E-01    1.11014E+00    3.81535E-01    6.82410E+34
    6.0320000000E+00    7.53455E+14    7.38073E-02    1.00000E+00    7.38073E-02    0.00000E+00    9.26193E-01    6.83164E-01    1.11227E+00    3.91522E-01    6.71665E+34
    6.0900000000E+00    7.48994E+14    7.37315E-02    1.00000E+00    7.37315E-02    0.00000E+00    9.26266E-01    6.84152E-01    1.11441E+00    4.01649E-01    6.60918E+34
    6.1480000000E+00    7.44488E+14    7.36554E-02    1.00000E+00    7.36554E-02    0.00000E+00    9.26343E-01    6.85146E-01    1.11655E+00    4.11903E-01    6.50161E+34
    6.2060000000E+00    7.39928E+14    7.35771E-02    1.00000E+00    7.35771E-02    0.00000E+00    9.26426E-01    6.86158E-01    1.11869E+00    4.22289E-01    6.39409E+34
    6.2640000000E+00    7.35324E+14    7.34983E-02    1.00000E+00    7.34983E-02    0.00000E+00    9.26499E-01    6.87174E-01    1.12087E+00    4.32812E-01    6.28647E+34
    6.3220000000E+00    7.30670E+14    7.34172E-02    1.00000E+00    7.34172E-02    0.00000E+00    9.26585E-01    6.88196E-01    1.12308E+00    4.43456E-01    6.17888E+34
    6.3800000000E+00    7.25962E+14    7.33358E-02    1.00000E+00    7.33358E-02    0.00000E+00    9.26661E-01    6.89225E-01    1.12523E+00    4.54235E-01    6.07137E+34
    6.4380000000E+00    7.21210E+14    7.32522E-02    1.00000E+00    7.32522E-02    0.00000E+00    9.26749E-01    6.90275E-01    1.12752E+00    4.65133E-01    5.96393E+34
    6.4960000000E+00    7.16401E+14    7.31677E-02    1.00000E+00    7.31677E-02    0.00000E+00    9.26829E-01    6.91323E-01    1.12970E+00    4.76165E-01    5.85656E+34
    6.5540000000E+00    7.11545E+14    7.30809E-02    1.00000E+00    7.30809E-02    0.00000E+00    9.26920E-01    6.92381E-01    1.13199E+00    4.87320E-01    5.74930E+34
    6.6120000000E+00    7.06656E+14    7.29945E-02    1.00000E+00    7.29945E-02    0.00000E+00    9.27003E-01    6.93449E-01    1.13421E+00    4.98589E-01    5.64222E+34
    6.6700000000E+00    7.01820E+14    7.29126E-02    1.00000E+00    7.29126E-02    0.00000E+00    9.27086E-01    6.94525E-01    1.13648E+00    5.09976E-01    5.53537E+34
    6.7280000000E+00    6.96931E+14    7.28290E-02    1.00000E+00    7.28290E-02    0.00000E+00    9.27173E-01    6.95610E-01    1.13878E+00    5.21491E-01    5.42863E+34
    6.7860000000E+00    6.91994E+14    7.27449E-02    1.00000E+00    7.27449E-02    0.00000E+00    9.27251E-01    6.96705E-01    1.14113E+00    5.33127E-01    5.32208E+34
    6.8440000000E+00    6.87006E+14    7.26582E-02    1.00000E+00    7.26582E-02    0.00000E+00    9.27341E-01    6.97800E-01    1.14342E+00    5.44873E-01    5.21578E+34
    6.9020000000E+00    6.81959E+14    7.25711E-02    1.00000E+00    7.25711E-02    0.00000E+00    9.27432E-01    6.98914E-01    1.14575E+00    5.56730E-01    5.10980E+34
    6.9600000000E+00    6.76863E+14    7.24813E-02    1.00000E+00    7.24813E-02    0.00000E+00    9.27515E-01    7.00029E-01    1.14803E+00    5.68706E-01    5.00402E+34
    7.0180000000E+00    6.71707E+14    7.23910E-02    1.00000E+00    7.23910E-02    0.00000E+00    9.27608E-01    7.01151E-01    1.15043E+00    5.80783E-01    4.89861E+34
    7.0760000000E+00    6.66502E+14    7.22979E-02    1.00000E+00    7.22979E-02    0.00000E+00    9.27704E-01    7.02286E-01    1.15279E+00    5.92974E-01    4.79360E+34
    7.1340000000E+00    6.61242E+14    7.22042E-02    1.00000E+00    7.22042E-02    0.00000E+00    9.27797E-01    7.03426E-01    1.15513E+00    6.05270E-01    4.68891E+34
    7.1920000000E+00    6.55927E+14    7.21077E-02    1.00000E+00    7.21077E-02    0.00000E+00    9.27890E-01    7.04573E-01    1.15753E+00    6.17661E-01    4.58462E+34
    7.2500000000E+00    6.50563E+14    7.20105E-02    1.00000E+00    7.20105E-02    0.00000E+00    9.27990E-01    7.05736E-01    1.15991E+00    6.30152E-01    4.48069E+34
    7.3080000000E+00    6.45079E+14    7.19173E-02    1.00000E+00    7.19173E-02    0.00000E+00    9.28083E-01    7.06898E-01    1.16225E+00    6.42750E-01    4.37730E+34
    7.3660000000E+00    6.39547E+14    7.18234E-02    1.00000E+00    7.18234E-02    0.00000E+00    9.28177E-01    7.08066E-01    1.16467E+00    6.55432E-01    4.27439E+34
    7.4240000000E+00    6.33945E+14    7.17277E-02    1.00000E+00    7.17277E-02    0.00000E+00    9.28272E-01    7.09248E-01    1.16706E+00    6.68207E-01    4.17196E+34
    7.4820000000E+00    6.28294E+14    7.16301E-02    1.00000E+00    7.16301E-02    0.00000E+00    9.28370E-01    7.10434E-01    1.16950E+00    6.81067E-01    4.07016E+34
    7.5400000000E+00    6.22585E+14    7.15306E-02    1.00000E+00    7.15306E-02    0.00000E+00    9.28469E-01    7.11633E-01    1.17188E+00    6.94011E-01    3.96882E+34
    7.5980000000E+00    6.16811E+14    7.14291E-02    1.00000E+00    7.14291E-02    0.00000E+00    9.28571E-01    7.12825E-01    1.17427E+00    7.07031E-01    3.86814E+34
    7.6560000000E+00    6.10978E+14    7.13257E-02    1.00000E+00    7.13257E-02    0.00000E+00    9.28674E-01    7.14040E-01    1.17670E+00    7.20131E-01    3.76810E+34
    7.7140000000E+00    6.05092E+14    7.12201E-02    1.00000E+00    7.12201E-02    0.00000E+00    9.28780E-01    7.15253E-01    1.17907E+00    7.33304E-01    3.66872E+34
    7.7720000000E+00    5.99134E+14    7.11124E-02    1.00000E+00    7.11124E-02    0.00000E+00    9.28888E-01    7.16478E-01    1.18150E+00    7.46542E-01    3.57001E+34
    7.8300000000E+00    5.93140E+14    7.09979E-02    1.00000E+00    7.09979E-02    0.00000E+00    9.29001E-01    7.17704E-01    1.18395E+00    7.59852E-01    3.47200E+34
    7.8880000000E+00    5.87311E+14    7.08017E-02    1.00000E+00    7.08017E-02    0.00000E+00    9.29199E-01    7.18936E-01    1.18639E+00    7.73223E-01    3.37474E+34
    7.9460000000E+00    5.81435E+14    7.05954E-02    1.00000E+00    7.05954E-02    0.00000E+00    9.29408E-01    7.20186E-01    1.18878E+00    7.86666E-01    3.27822E+34
    8.0040000000E+00    5.75489E+14    7.03839E-02    1.00000E+00    7.03839E-02    0.00000E+00    9.29615E-01    7.21429E-01    1.19120E+00    8.00156E-01    3.18243E+34
    8.0620000000E+00    5.69482E+14    7.01683E-02    1.00000E+00    7.01683E-02    0.00000E+00    9.29834E-01    7.22685E-01    1.19362E+00    8.13713E-01    3.08740E+34
    8.1200000000E+00    5.63403E+14    6.99481E-02    1.00000E+00    6.99481E-02    0.00000E+00    9.30048E-01    7.23951E-01    1.19597E+00    8.27309E-01    2.99321E+34
    8.1780000000E+00    5.57250E+14    6.97220E-02    1.00000E+00    6.97220E-02    0.00000E+00    9.30277E-01    7.25214E-01    1.19837E+00    8.40962E-01    2.89991E+34
    8.2360000000E+00    5.51032E+14    6.94916E-02    1.00000E+00    6.94916E-02    0.00000E+00    9.30511E-01    7.26492E-01    1.20081E+00    8.54651E-01    2.80740E+34
    8.2940000000E+00    5.44733E+14    6.92558E-02    1.00000E+00    6.92558E-02    0.00000E+00    9.30745E-01    7.27769E-01    1.20320E+00    8.68381E-01    2.71580E+34
    8.3520000000E+00    5.38369E+14    6.90136E-02    1.00000E+00    6.90136E-02    0.00000E+00    9.30985E-01    7.29048E-01    1.20555E+00    8.82140E-01    2.62515E+34
    8.4100000000E+00    5.31926E+14    6.87855E-02    1.00000E+00    6.87855E-02    0.00000E+00    9.31215E-01    7.30340E-01    1.20793E+00    8.95927E-01    2.53545E+34
    8.4680000000E+00    5.25405E+14    6.85519E-02    1.00000E+00    6.85519E-02    0.00000E+00    9.31451E-01    7.31634E-01    1.21024E+00    9.09738E-01    2.44667E+34
    8.5260000000E+00    5.18808E+14    6.83128E-02    1.00000E+00    6.83128E-02    0.00000E+00    9.31684E-01    7.32938E-01    1.21260E+00    9.23571E-01    2.35896E+34
    8.5840000000E+00    5.12134E+14    6.80680E-02    1.00000E+00    6.80680E-02    0.00000E+00    9.31932E-01    7.34241E-01    1.21492E+00    9.37404E-01    2.27229E+34
    8.6420000000E+00    5.05366E+14    6.78167E-02    1.00000E+00    6.78167E-02    0.00000E+00    9.32179E-01    7.35550E-01    1.21719E+00    9.51249E-01    2.18664E+34
    8.7000000000E+00    4.98521E+14    6.75589E-02    1.00000E+00    6.75589E-02    0.00000E+00    9.32440E-01    7.36866E-01    1.21953E+00    9.65095E-01    2.10213E+34
    8.7580000000E+00    4.91590E+14    6.72942E-02    1.00000E+00    6.72942E-02    0.00000E+00    9.32710E-01    7.38187E-01    1.22175E+00    9.78937E-01    2.01875E+34
    8.8160000000E+00    4.84564E+14    6.70222E-02    1.00000E+00    6.70222E-02    0.00000E+00    9.32977E-01    7.39511E-01    1.22401E+00    9.92756E-01    1.93644E+34
    8.8740000000E+00    4.77460E+14    6.67699E-02    1.00000E+00    6.67699E-02    0.00000E+00    9.33232E-01    7.40841E-01    1.22622E+00    1.00652E+00    1.85543E+34
    8.9320000000E+00    4.70265E+14    6.65133E-02    1.00000E+00    6.65133E-02    0.00000E+00    9.33483E-01    7.42174E-01    1.22849E+00    1.02037E+00    1.77558E+34
    8.9900000000E+00    4.62965E+14    6.62489E-02    1.00000E+00    6.62489E-02    0.00000E+00    9.33751E-01    7.43506E-01    1.23062E+00    1.03405E+00    1.69692E+34
    9.0480000000E+00    4.55573E+14    6.59762E-02    1.00000E+00    6.59762E-02    0.00000E+00    9.34027E-01    7.44847E-01    1.23278E+00    1.04782E+00    1.61955E+34
    9.1060000000E+00    4.48073E+14    6.56961E-02    1.00000E+00    6.56961E-02    0.00000E+00    9.34302E-01    7.46186E-01    1.23488E+00    1.06146E+00    1.54355E+34
    9.1640000000E+00    4.40456E+14    6.54061E-02    1.00000E+00    6.54061E-02    0.00000E+00    9.34596E-01    7.47537E-01    1.23694E+00    1.07507E+00    1.46881E+34
    9.2220000000E+00    4.32739E+14    6.51075E-02    1.00000E+00    6.51075E-02    0.00000E+00    9.34890E-01    7.48881E-01    1.23905E+00    1.08861E+00    1.39538E+34
    9.2800000000E+00    4.25005E+14    6.47338E-02    1.00000E+00    6.47338E-02    0.00000E+00    9.35267E-01    7.50231E-01    1.24105E+00    1.10207E+00    1.32341E+34
    9.3380000000E+00    4.17208E+14    6.43117E-02    1.00000E+00    6.43117E-02    0.00000E+00    9.35686E-01    7.51582E-01    1.24302E+00    1.11542E+00    1.25278E+34
    9.3960000000E+00    4.09282E+14    6.38734E-02    1.00000E+00    6.38734E-02    0.00000E+00    9.36122E-01    7.52937E-01    1.24492E+00    1.12873E+00    1.18364E+34
    9.4540000000E+00    4.01217E+14    6.34197E-02    1.00000E+00    6.34197E-02    0.00000E+00    9.36578E-01    7.54299E-01    1.24677E+00    1.14191E+00    1.11590E+34
    9.5120000000E+00    3.93009E+14    6.29486E-02    1.00000E+00    6.29486E-02    0.00000E+00    9.37051E-01    7.55658E-01    1.24868E+00    1.15505E+00    1.04962E+34
    9.5700000000E+00    3.84656E+14    6.24585E-02    1.00000E+00    6.24585E-02    0.00000E+00    9.37544E-01    7.57014E-01    1.25046E+00    1.16799E+00    9.84926E+33
    9.6280000000E+00    3.76124E+14    6.19389E-02    1.00000E+00    6.19389E-02    0.00000E+00    9.38059E-01    7.58378E-01    1.25213E+00    1.18087E+00    9.21738E+33
    9.6860000000E+00    3.67300E+14    6.13119E-02    1.00000E+00    6.13119E-02    0.00000E+00    9.38691E-01    7.59734E-01    1.25387E+00    1.19354E+00    8.60154E+33
    9.7440000000E+00    3.58295E+14    6.06569E-02    1.00000E+00    6.06569E-02    0.00000E+00    9.39344E-01    7.61098E-01    1.25551E+00    1.20617E+00    8.00205E+33
    9.8020000000E+00    3.49111E+14    5.99708E-02    1.00000E+00    5.99708E-02    0.00000E+00    9.40026E-01    7.62461E-01    1.25700E+00    1.21851E+00    7.41943E+33
    9.8600000000E+00    3.39735E+14    5.92516E-02    1.00000E+00    5.92516E-02    0.00000E+00    9.40750E-01    7.63817E-01    1.25853E+00    1.23080E+00    6.85378E+33
    9.9180000000E+00    3.30143E+14    5.84962E-02    1.00000E+00    5.84962E-02    0.00000E+00    9.41501E-01    7.65180E-01    1.25991E+00    1.24279E+00    6.30559E+33
    9.9760000000E+00    3.20328E+14    5.76738E-02    1.00000E+00    5.76738E-02    0.00000E+00    9.42323E-01    7.66537E-01    1.26125E+00    1.25460E+00    5.77526E+33
    1.0034000000E+01    3.10259E+14    5.67611E-02    1.00000E+00    5.67611E-02    0.00000E+00    9.43240E-01    7.67896E-01    1.26254E+00    1.26618E+00    5.26315E+33
    1.0092000000E+01    2.99929E+14    5.57935E-02    1.00000E+00    5.57935E-02    0.00000E+00    9.44210E-01    7.69255E-01    1.26371E+00    1.27753E+00    4.76975E+33
    1.0150000000E+01    2.89310E+14    5.47635E-02    1.00000E+00    5.47635E-02    0.00000E+00    9.45236E-01    7.70609E-01    1.26485E+00    1.28856E+00    4.29541E+33
    1.0208000000E+01    2.78383E+14    5.36633E-02    1.00000E+00    5.36633E-02    0.00000E+00    9.46340E-01    7.71960E-01    1.26585E+00    1.29935E+00    3.84056E+33
    1.0266000000E+01    2.66964E+14    5.23693E-02    1.00000E+00    5.23693E-02    0.00000E+00    9.47633E-01    7.73310E-01    1.26674E+00    1.30982E+00    3.40575E+33
    1.0324000000E+01    2.54966E+14    5.08194E-02    1.00000E+00    5.08194E-02    0.00000E+00    9.49177E-01    7.74655E-01    1.26751E+00    1.32000E+00    2.99200E+33
    1.0382000000E+01    2.42559E+14    4.91384E-02    1.00000E+00    4.91384E-02    0.00000E+00    9.50862E-01    7.75991E-01    1.26820E+00    1.32981E+00    2.59976E+33
    1.0440000000E+01    2.29703E+14    4.73018E-02    1.00000E+00    4.73018E-02    0.00000E+00    9.52700E-01    7.77333E-01    1.26880E+00    1.33918E+00    2.22986E+33
    1.0498000000E+01    2.16128E+14    4.54426E-02    1.00000E+00    4.54426E-02    0.00000E+00    9.54558E-01    7.78661E-01    1.26920E+00    1.34813E+00    1.88276E+33
    1.0556000000E+01    2.01500E+14    4.37328E-02    1.00000E+00    4.37328E-02    0.00000E+00    9.56269E-01    7.79991E-01    1.26950E+00    1.35657E+00    1.55979E+33
    1.0614000000E+01    1.85591E+14    4.19545E-02    1.00000E+00    4.19545E-02    0.00000E+00    9.58043E-01    7.81307E-01    1.26970E+00    1.36459E+00    1.26283E+33
    1.0672000000E+01    1.69115E+14    4.00142E-02    1.00000E+00    4.00142E-02    0.00000E+00    9.59983E-01    7.82622E-01    1.26960E+00    1.37191E+00    9.92754E+32
    1.0730000000E+01    1.50963E+14    3.78733E-02    1.00000E+00    3.78733E-02    0.00000E+00    9.62126E-01    7.83928E-01    1.26940E+00    1.37867E+00    7.51098E+32
    1.0788000000E+01    1.30125E+14    3.51158E-02    6.87111E+01    5.92311E+00    4.55978E-02    9.23252E-01    7.85224E-01    1.26900E+00    1.38462E+00    5.40139E+32
    1.0846000000E+01    1.02581E+14    3.34040E-02    3.04701E+02    3.85257E+01    2.64194E-01    7.35806E-01    7.86513E-01    1.26832E+00    1.38958E+00    3.68806E+32
    1.0904000000E+01    7.68556E+13    3.23938E-02    2.55574E+02    3.89846E+01    2.12361E-01    7.87639E-01    7.87794E-01    1.26738E+00    1.39352E+00    2.37528E+32
    1.0962000000E+01    5.36166E+13    3.26827E-02    2.35114E+02    4.08959E+01    1.87898E-01    8.12102E-01    7.89061E-01    1.26610E+00    1.39631E+00    1.43343E+32
    1.1020000000E+01    3.47125E+13    3.45222E-02    2.19164E+02    4.26074E+01    1.77575E-01    8.22425E-01    7.90307E-01    1.26460E+00    1.39830E+00    8.06393E+31
    1.1078000000E+01    2.10544E+13    3.77168E-02    2.02694E+02    4.36855E+01    1.75000E-01    8.25000E-01    7.91548E-01    1.26300E+00    1.39950E+00    4.17415E+31
    1.1136000000E+01    1.18192E+13    4.35608E-02    1.86257E+02    4.41216E+01    1.83888E-01    8.16112E-01    7.92776E-01    1.26120E+00    1.40020E+00    1.91708E+31
    1.1194000000E+01    5.79109E+12    5.56726E-02    1.70573E+02    4.41025E+01    2.15322E-01    7.84678E-01    7.93992E-01    1.25940E+00    1.40060E+00    7.35029E+30
    1.1252000000E+01    2.14733E+12    9.08505E-02    1.56266E+02    4.37661E+01    3.24381E-01    6.75619E-01    7.95186E-01    1.25754E+00    1.40080E+00    2.19278E+30
    1.1310000000E+01    4.16916E+11    2.72873E-01    1.43111E+02    4.31945E+01    9.04077E-01    9.59271E-02    7.96371E-01    1.25570E+00    1.40090E+00    6.81013E+29
    1.1368000000E+01    1.97034E+11    3.33138E-01    1.22965E+02    4.09641E+01    1.00000E+00    0.00000E+00    7.97541E-01    1.25380E+00    1.40090E+00    3.09068E+29
    1.1426000000E+01    9.43907E+10    3.58970E-01    7.80000E+01    2.80000E+01    1.00000E+00    0.00000E+00    7.98698E-01    1.25200E+00    1.40090E+00    1.29585E+29
    1.1484000000E+01    4.07030E+10    3.75000E-01    8.00000E+01    3.00000E+01    1.00000E+00    0.00000E+00    7.99846E-01    1.25024E+00    1.40090E+00    4.48258E+28
    1.1542000000E+01    1.43626E+10    3.90240E-01    8.20000E+01    3.20000E+01    1.00000E+00    0.00000E+00    8.00976E-01    1.24850E+00    1.40090E+00    1.17656E+28
    1.1600000000E+01    3.35560E+09    4.04760E-01    8.40000E+01    3.40000E+01    1.00000E+00    0.00000E+00    8.02090E-01    1.24670E+00    1.40090E+00    1.76522E+27
